-9.86672028894 nan 0.945854593949
-9.8933769793 nan 0.945854593949
-9.80597624019 nan 0.945854593949
-9.96353751138 nan 0.945854593949
-9.91242459691 nan 0.946716711919
-9.86114271874 nan 0.946716711919
-9.46430884316 nan 0.946716711919
-9.37827480294 nan 0.946716711919
-9.64570039475 nan 0.946716711919
-9.43243484398 nan 0.945787546039
-9.41103089696 nan 0.945787546039
-9.37628279683 nan 0.945787546039
-9.30727066266 nan 0.945787546039
-9.0793535631 nan 0.945787546039
-9.03480055556 nan 0.945452330518
-8.81741963954 nan 0.945452330518
-8.83042133346 nan 0.945452330518
-8.7417443231 nan 0.945452330518
-8.7285772052 nan 0.945452330518
-8.75774984084 nan 0.945452330518
-8.59750090639 nan 0.947548047304
-8.72336432579 nan 0.947548047304
-8.70747102789 nan 0.947548047304
-8.65887878278 nan 0.947548047304
-8.6616208449 nan 0.947548047304
-8.46516931019 nan 0.947848146223
-8.43515142404 nan 0.947848146223
-8.56028137331 nan 0.947848146223
-8.93222134941 nan 0.947848146223
-7.72616762322 nan 0.947848146223
-7.92679470601 nan 0.947848146223
-7.88479028353 nan 0.946193323165
-7.89823732808 nan 0.946193323165
-8.02007579221 nan 0.946193323165
-7.83439883819 nan 0.946193323165
-7.50281184837 nan 0.946193323165
-7.85474956313 nan 0.945834723211
-7.59375261477 nan 0.945834723211
-8.04883843919 nan 0.945834723211
-7.9658935821 nan 0.945834723211
-7.6869802606 nan 0.945834723211
-7.74316001786 nan 0.945834723211
-7.72588447893 nan 0.947542903618
-7.49426586161 nan 0.947542903618
-7.59956257341 nan 0.947542903618
-7.59835648629 nan 0.947542903618
-7.79341141774 nan 0.943748978605
-7.69903521672 nan 0.943748978605
-7.59235911685 nan 0.943748978605
-8.21182440362 nan 0.943748978605
-8.2212970169 nan 0.943748978605
-8.0417657573 nan 0.945904590867
-7.80742758305 nan 0.945904590867
-8.21017150509 nan 0.945904590867
-8.05028220637 nan 0.945904590867
-8.25221683861 nan 0.942587278752
-8.59830309889 nan 0.942587278752
-8.95752967104 nan 0.942587278752
-8.92508900061 nan 0.942587278752
-8.92893039332 nan 0.942587278752
-8.92790529661 nan 0.942587278752
-8.91601949417 nan 0.941492866386
-8.92452404776 nan 0.941492866386
-9.07555330126 nan 0.941492866386
-6.8124066176 nan 0.941492866386
-6.83857684564 nan 0.941492866386
-6.93526858507 nan 0.940801806124
-6.9477671422 nan 0.940801806124
-7.00964612711 nan 0.940801806124
-7.18997719074 nan 0.940801806124
-7.16399369023 nan 0.940681659855
-7.0756035542 nan 0.940681659855
-7.17900587607 nan 0.940681659855
-7.61384873073 nan 0.940681659855
-7.46404179517 nan 0.940681659855
-7.7020991274 nan 0.935400044659
-7.56900643714 nan 0.935400044659
-7.78049181538 nan 0.935400044659
-7.26652850803 nan 0.935400044659
-7.38913084904 nan 0.935400044659
-7.66357105603 nan 0.935400044659
-7.65657462997 nan 0.935400044659
-7.98486100332 nan 0.939342053185
-7.72908300607 nan 0.939342053185
-8.24205912218 nan 0.939342053185
-7.87279223238 nan 0.939342053185
-8.14410876214 nan 0.938663944911
-8.28387723361 nan 0.938663944911
-8.0081387265 nan 0.938663944911
-8.02162883479 nan 0.938663944911
-7.86342455995 nan 0.938663944911
-7.8811593155 nan 0.937604789913
-7.23459836753 nan 0.937604789913
-7.24971831692 nan 0.937604789913
-7.68011408996 nan 0.937604789913
-7.73224670815 nan 0.937604789913
-7.67955894613 nan 0.937604789913
-7.99615103897 nan 0.939067555631
-8.03367548401 nan 0.939067555631
-8.57575886085 nan 0.939067555631
-8.51522329771 nan 0.939067555631
-8.64037096355 nan 0.939067555631
-9.11678221917 nan 0.942206797218
-9.03975845517 nan 0.942206797218
-8.99834508761 nan 0.942206797218
-8.88203805352 nan 0.942206797218
-9.51963460298 nan 0.942206797218
-9.28132833644 nan 0.93963533897
-9.45060290252 nan 0.93963533897
-9.38015261858 nan 0.93963533897
-9.23001360075 nan 0.93963533897
-9.50362750396 nan 0.93963533897
-9.07765393545 nan 0.940708904075
-9.60225514777 nan 0.940708904075
-8.82042541459 nan 0.940708904075
-9.38400866362 nan 0.940708904075
-9.34017266 nan 0.938299187992
-9.11506334163 nan 0.938299187992
-9.53488184673 nan 0.938299187992
-9.32686357037 nan 0.938299187992
-9.72595190138 nan 0.938299187992
-8.50247412315 nan 0.938299187992
-8.29029304189 nan 0.945092411644
-8.05904920875 nan 0.945092411644
-8.55417186712 nan 0.945092411644
-7.56356770437 nan 0.945092411644
-6.82237006891 nan 0.945092411644
-7.18602263311 nan 0.943879872433
-6.68230522431 nan 0.943879872433
-6.9316914479 nan 0.943879872433
-7.5451406989 nan 0.945723620857
-7.4428842321 nan 0.945723620857
-7.78647314234 nan 0.945723620857
-7.64479616845 nan 0.945723620857
-7.2680100871 nan 0.945723620857
-7.51463533089 nan 0.945899237308
-7.97451836211 nan 0.945899237308
-7.80832459918 nan 0.945899237308
-7.97440684561 nan 0.945899237308
-7.83047863892 nan 0.945899237308
-7.6885578976 nan 0.945899237308
-7.99903084092 nan 0.946570218394
-8.05515108132 nan 0.946570218394
-7.96940699473 nan 0.946570218394
-8.21125428885 nan 0.946570218394
-8.05336529131 nan 0.946570218394
-8.55511087956 nan 0.947221321755
-12.4613795518 nan 0.947221321755
-12.4508793451 nan 0.947221321755
-12.4311147284 nan 0.947221321755
-12.1701978138 nan 0.947221321755
-11.9294682839 nan 0.949414458361
-12.4366227485 nan 0.949414458361
-12.435890169 nan 0.949414458361
-12.2989869375 nan 0.949414458361
-10.3919899943 nan 0.949414458361
-10.3152754777 nan 0.949414458361
-10.7562880164 nan 0.948064857887
-10.6160797479 nan 0.948064857887
-10.8342985049 nan 0.948064857887
-10.6480123408 nan 0.948064857887
-11.1809356408 nan 0.948064857887
-10.9337185305 nan 0.948064857887
-10.9005801915 nan 0.945927392978
-11.2844867135 nan 0.945927392978
-11.2860605895 nan 0.945753349607
-10.4517655733 nan 0.945753349607
-10.7171087787 nan 0.945753349607
-10.3599105627 nan 0.945753349607
-10.9520409846 nan 0.945753349607
-11.4248707484 nan 0.945753349607
-11.2481244948 nan 0.945839330288
-11.4473074909 nan 0.945839330288
-10.9354035981 nan 0.945839330288
-12.1704969375 nan 0.945839330288
-12.1403634851 nan 0.945839330288
-12.2922418151 nan 0.945839330288
-12.2904694625 nan 0.945573319649
-12.2754865257 nan 0.945573319649
-12.2735112011 nan 0.945573319649
-12.2649617525 nan 0.945573319649
-12.4091757193 nan 0.94532583391
-12.3095836116 nan 0.94532583391
-12.2823010448 nan 0.94532583391
-11.2865718841 nan 0.94532583391
-11.3402841903 nan 0.94532583391
-11.3850402198 nan 0.94532583391
-11.4013765973 nan 0.94397361163
-11.5978719843 nan 0.94397361163
-11.5687877979 nan 0.94397361163
-11.5596653586 nan 0.94397361163
-11.4903240601 nan 0.94397361163
-11.1257921245 nan 0.94397361163
-11.1381163452 nan 0.946472263998
-11.5052527971 nan 0.946472263998
-11.8215183428 nan 0.946472263998
-11.6189464238 nan 0.946472263998
-11.5818358457 nan 0.946472263998
-11.7839942835 nan 0.946038019808
-11.5709019405 nan 0.946038019808
-11.8894626373 nan 0.946038019808
-11.6968942405 nan 0.946038019808
-11.9287392982 nan 0.941641904033
-11.8482830243 nan 0.941641904033
-11.1066602072 nan 0.941641904033
-10.7947466036 nan 0.941641904033
-10.9785542293 nan 0.941641904033
-11.0229742319 nan 0.941641904033
-11.1990487468 nan 0.942168149969
-11.70066617 nan 0.942168149969
-11.5382591432 nan 0.942168149969
-11.1215664019 nan 0.942168149969
-11.3311645704 nan 0.942168149969
-11.8615122889 nan 0.942168149969
-12.2687199354 nan 0.942153555521
-12.2360389707 nan 0.942153555521
-12.2021392477 nan 0.942153555521
-12.0412577461 nan 0.942153555521
-12.0947980126 nan 0.942153555521
-11.806147978 nan 0.939880706891
-12.2043209623 nan 0.939880706891
-12.2139137077 nan 0.939880706891
-11.5938042093 nan 0.939880706891
-11.3269747362 nan 0.939880706891
-12.0741901895 nan 0.939880706891
-11.9658954736 nan 0.939475851915
-12.1389485008 nan 0.939475851915
-12.2742370109 nan 0.939475851915
-10.6455418093 nan 0.939475851915
-10.8473208726 nan 0.93880917373
-10.8972748352 nan 0.93880917373
-10.9299058343 nan 0.93880917373
-10.914493088 nan 0.93880917373
-11.4679856928 nan 0.939016304123
-11.3441798605 nan 0.939016304123
-11.4346003604 nan 0.939016304123
-11.5868845219 nan 0.939016304123
-11.7993224625 nan 0.939016304123
-11.6837293012 nan 0.938698460658
-6.19252530752 nan 0.938698460658
-5.42051848977 nan 0.938698460658
-5.64306551784 nan 0.938698460658
-5.19878671704 nan 0.938698460658
-4.79886075339 nan 0.938698460658
-5.25829432541 nan 0.938745065514
-5.04513555786 nan 0.938745065514
-5.11217850582 nan 0.938745065514
-5.16961538408 nan 0.938745065514
-5.79205108498 nan 0.938773956247
-5.72244464964 nan 0.938773956247
-5.70297773825 nan 0.938773956247
-5.72107869056 nan 0.938773956247
-5.89639682269 nan 0.938773956247
-5.95771784364 nan 0.939564358891
-5.96527172466 nan 0.939564358891
-12.9322960737 nan 0.939564358891
-13.0094720628 nan 0.939564358891
-12.8595583538 nan 0.939564358891
-13.1312720762 nan 0.939564358891
-12.9326295198 nan 0.940745734449
-12.803496454 nan 0.940745734449
-12.846526018 nan 0.940745734449
-12.8951850848 nan 0.940745734449
-13.0978990179 nan 0.943925356964
-13.1653893483 nan 0.943925356964
-12.9757773364 nan 0.943925356964
-11.6997512064 nan 0.943925356964
-11.7144832577 nan 0.943925356964
-11.6637671075 nan 0.943925356964
-11.5965121598 nan 0.943925356964
-11.7667705683 nan 0.943925356964
-11.8809430992 nan 0.943309961025
-11.7791935419 nan 0.943309961025
-11.852576321 nan 0.943309961025
-11.7892012206 nan 0.943309961025
-10.8841876377 nan 0.944297565163
-10.9753825999 nan 0.944297565163
-10.8241804555 nan 0.944297565163
-10.6488396139 nan 0.944297565163
-10.9936320029 nan 0.944297565163
-11.2817564081 nan 0.944297565163
-11.0256126683 nan 0.944297565163
-11.4316957904 nan 0.943988138958
-11.3726373441 nan 0.943988138958
-11.3636250802 nan 0.943988138958
-12.4383627638 nan 0.943988138958
-12.4592785414 nan 0.944156824027
-12.2384139746 nan 0.944156824027
-12.1463152534 nan 0.944156824027
-11.1937267473 nan 0.944156824027
-10.5683466516 nan 0.944707361663
-10.4730719865 nan 0.944707361663
-10.4289768465 nan 0.944707361663
-9.94953935624 nan 0.944707361663
-10.2556677392 nan 0.944707361663
-10.3129907305 nan 0.944707361663
-10.0954586437 nan 0.946144906438
-9.99831333815 nan 0.946144906438
-9.86908558254 nan 0.946144906438
-9.96690279475 nan 0.946144906438
-39.4815008025 nan 0.946095068261
-41.6315715472 nan 0.946095068261
-9.53440521873 nan 0.945972699206
-9.54159373733 nan 0.945972699206
-9.41763945871 nan 0.946621890579
-9.20769298577 nan 0.946621890579
-9.24766196838 nan 0.946621890579
-8.86037799998 nan 0.946621890579
-8.75448547825 nan 0.946621890579
-9.38998299945 nan 0.946528890958
-9.11213837845 nan 0.946528890958
-9.79342366564 nan 0.946528890958
-12.4726079703 nan 0.946528890958
-13.1089953614 nan 0.946528890958
-12.866014733 nan 0.949227765645
-13.3823441733 nan 0.949227765645
-13.343244073 nan 0.949227765645
-13.7352770974 nan 0.949227765645
-13.5112468196 nan 0.949227765645
-13.8199755912 nan 0.949227765645
-13.2310855156 nan 0.949227765645
-13.198586173 nan 0.949736446516
-13.273382953 nan 0.949736446516
-13.6450868555 nan 0.949736446516
-13.517766405 nan 0.951000046139
-13.6943496826 nan 0.951000046139
-13.6850527969 nan 0.951000046139
-13.8272612903 nan 0.951000046139
-14.0931594719 nan 0.951000046139
-14.2061654247 nan 0.954544349562
-13.6310704026 nan 0.954544349562
-13.4535175088 nan 0.954544349562
-13.5380319447 nan 0.954544349562
-13.9306045871 nan 0.954544349562
-14.1526723582 nan 0.954544349562
-13.9104619101 nan 0.954578749835
-14.4725931024 nan 0.954578749835
-14.7829143948 nan 0.954578749835
-14.1758920726 nan 0.959219340692
-14.2370986163 nan 0.959219340692
-14.6966096302 nan 0.959219340692
-14.472760842 nan 0.959597198602
-14.5647758657 nan 0.959597198602
-15.1065913327 nan 0.959597198602
-14.9386819464 nan 0.959597198602
-15.0564380231 nan 0.968052447363
-15.2033269302 nan 0.968052447363
-15.4912308415 nan 0.968052447363
-15.6684280116 nan 0.968052447363
-16.0261137556 nan 0.968052447363
-16.0130690078 nan 0.968052447363
-16.0859320721 nan 0.968052447363
-16.1614895252 nan 0.972064298559
-16.7575703752 nan 0.972064298559
-17.1340145813 nan 0.972064298559
-17.1928497446 nan 0.972064298559
-16.9093213732 nan 0.972064298559
-17.0281643981 nan 0.974484209831
-17.1513552787 nan 0.974484209831
-16.8877918301 nan 0.974484209831
-17.0396859273 nan 0.974484209831
-17.377533006 nan 0.974484209831
-17.8067619496 nan 0.980262995004
-17.9081556826 nan 0.980262995004
-17.8094210145 nan 0.980262995004
-17.6573864332 nan 0.980262995004
-18.1089122775 nan 0.980262995004
-17.9276277526 nan 0.980262995004
-17.6276239769 nan 0.980262995004
-17.1582994259 nan 0.984807062829
-16.880521183 nan 0.984807062829
-16.8659084063 nan 0.984807062829
-16.9990558237 nan 0.984807062829
-16.7026239826 nan 0.992546844365
-16.6535344764 nan 0.992546844365
-16.5859742076 nan 0.992546844365
-16.6227551161 nan 0.992546844365
-16.2540400013 nan 0.992546844365
-16.3054993768 nan 0.992546844365
-16.3199503733 nan 1.00651224474
-15.9998549175 nan 1.00651224474
-15.9493060418 nan 1.00651224474
-15.6635184282 nan 1.00651224474
-15.8109701472 nan 1.01030697563
-15.4217358049 nan 1.01030697563
-15.2600066007 nan 1.01030697563
-15.2850278873 nan 1.01030697563
-14.845868615 nan 1.01030697563
-14.8891782535 nan 1.01150736344
-14.8261012134 nan 1.01150736344
-14.6791714424 nan 1.01150736344
-14.4508873815 nan 1.01150736344
-14.2085710088 nan 1.01150736344
-14.097532975 nan 1.01994559493
-14.0282646281 nan 1.01994559493
-13.9908709625 nan 1.01994559493
-13.7596028278 nan 1.01994559493
-13.6897770993 nan 1.02453627851
-13.6277572224 nan 1.02453627851
-13.3384504192 nan 1.02453627851
-13.2648171967 nan 1.02453627851
-13.1354737899 nan 1.02453627851
-13.0386530041 nan 1.02453627851
-12.7058692723 nan 1.0260966688
-12.9007211899 nan 1.0260966688
-12.6875516223 nan 1.0260966688
-12.6862133761 nan 1.0260966688
-12.3047418303 nan 1.0270291752
-12.2404628844 nan 1.0270291752
-12.0161804664 nan 1.0270291752
-12.1418840983 nan 1.0270291752
-11.8649976656 nan 1.0270291752
-11.7362036019 nan 1.02791832445
-11.4802228699 nan 1.02791832445
-11.3781886658 nan 1.02791832445
-11.2445327698 nan 1.02791832445
-10.499104163 nan 1.02937639401
-10.5139756991 nan 1.02937639401
-10.4359891386 nan 1.02937639401
-10.3034633439 nan 1.02937639401
-10.1015035392 nan 1.02937639401
-8.67718381221 nan 1.02937639401
-8.68543684911 nan 1.02418426024
-8.89375370015 nan 1.02418426024
-8.94147376431 nan 1.02418426024
-8.6630090471 nan 1.02418426024
-8.28671344171 nan 1.02418426024
-7.61804338503 nan 1.0172762428
-7.44032311121 nan 1.0172762428
-7.30549950914 nan 1.0172762428
-6.93069573353 nan 1.0172762428
-7.00357643134 nan 1.0172762428
-6.93364766253 nan 1.0149769342
-7.07695751138 nan 1.0149769342
-6.9350402839 nan 1.0149769342
-6.5083120808 nan 1.00346358679
-6.65366352816 nan 1.00346358679
-5.89188082832 nan 1.00346358679
-5.97495215408 nan 1.00346358679
-5.74341573517 nan 1.00430626447
-5.83651071186 nan 1.00430626447
-5.63011985587 nan 1.00430626447
-5.41019007998 nan 1.00430626447
-4.98614147063 nan 1.00430626447
-4.84888773818 nan 1.00430626447
-5.00114860616 nan 0.997346776514
-4.82057943481 nan 0.997346776514
-4.48479236163 nan 0.997346776514
-4.8337254262 nan 0.997346776514
-4.60285721717 nan 0.997346776514
-4.3092072802 nan 0.992995414193
-4.3148253983 nan 0.992995414193
-4.00635063561 nan 0.992995414193
-3.81621436713 nan 0.992995414193
-3.86028884997 nan 0.992995414193
-3.84220484232 nan 0.987283063104
-3.81739993391 nan 0.987283063104
-4.82214166785 nan 0.987283063104
-4.34449786605 nan 0.987283063104
-4.62807678414 nan 0.983567210869
-3.68034133069 nan 0.983567210869
-3.47141219489 nan 0.983567210869
-3.71458923557 nan 0.982014679909
-3.80775331538 nan 0.982014679909
-4.03710663917 nan 0.982014679909
-3.62366836481 nan 0.982014679909
-7.4975695378 nan 0.982014679909
-7.45866015839 nan 0.982014679909
-7.24091614444 nan 0.979191633307
-7.47819735793 nan 0.979191633307
-7.68440754388 nan 0.979191633307
-7.74408977771 nan 0.979191633307
-7.6767274608 nan 0.979191633307
-3.41804539676 nan 0.979191633307
-3.17158347472 nan 0.976834123445
-3.2879522798 nan 0.976834123445
-3.31466135973 nan 0.976834123445
-3.37256087132 nan 0.976834123445
-3.60237431894 nan 0.976834123445
-3.70314126189 nan 0.976834123445
-4.07848337681 nan 0.977031434598
-4.08592388777 nan 0.977031434598
-4.1295211235 nan 0.977031434598
-4.01663452411 nan 0.977031434598
-4.54218044476 nan 0.977031434598
-4.10215718984 nan 0.977031434598
-3.98808944829 nan 0.978689543733
-5.85208788556 nan 0.978689543733
-6.00775372986 nan 0.978689543733
-5.82512490258 nan 0.978689543733
-5.590558465 nan 0.978689543733
-5.89020416735 nan 0.979787610047
-6.45392510457 nan 0.979787610047
-6.20497450811 nan 0.979787610047
-5.3638453298 nan 0.979787610047
-5.82554241604 nan 0.979787610047
-5.72637517149 nan 0.984965392269
-5.89292865019 nan 0.984965392269
-6.16370083073 nan 0.984965392269
-5.986272879 nan 0.984965392269
-6.03320485199 nan 0.984965392269
-5.9743382243 nan 0.984965392269
-5.87637924023 nan 0.990539216775
-5.84149182583 nan 0.990539216775
-5.37978884963 nan 0.990539216775
-5.14172401836 nan 0.990539216775
-5.0582424312 nan 0.990539216775
-4.84857379034 nan 0.993455601401
-4.84296802412 nan 0.993455601401
-4.42039106727 nan 0.993455601401
-4.10278956589 nan 0.993455601401
-3.99788648077 nan 0.993455601401
-3.57897086679 nan 0.993455601401
-3.47522901101 nan 0.993455601401
-3.03206778103 nan 1.00881775406
-1.17991630705 nan 1.00881775406
-1.79915010265 nan 1.00881775406
-1.39314689612 nan 1.00881775406
-0.746162168263 nan 1.01570340891
-0.475159335106 nan 1.01570340891
0.0835576403421 nan 1.01570340891
0.945685920444 nan 1.01570340891
1.40094576769 nan 1.01570340891
1.75512098229 nan 1.02652636766
2.65144980335 nan 1.02652636766
2.83176518457 nan 1.02652636766
3.72137105163 nan 1.02652636766
3.91208738928 nan 1.02652636766
4.97452370265 nan 1.02652636766
5.74129234902 nan 1.02652636766
6.45935140156 nan 1.04686597339
7.511989676 nan 1.04686597339
8.72294107022 nan 1.04686597339
9.6699323199 nan 1.04686597339
10.024497229 nan 1.04686597339
10.275825755 nan 1.04686597339
12.6218658132 nan 1.05176320892
12.6711654414 nan 1.05176320892
13.7577115437 nan 1.05176320892
15.0074390871 nan 1.05176320892
16.5837263958 nan 1.06713851232
17.8334724133 nan 1.06713851232
18.6476334186 nan 1.06713851232
19.6954719703 nan 1.06713851232
20.9459680897 nan 1.06713851232
22.2466535737 nan 1.08321944974
23.4185116125 nan 1.08321944974
21.7175674188 nan 1.08321944974
22.8579234032 nan 1.08321944974
24.1169021692 nan 1.08321944974
25.4114326676 nan 1.08321944974
26.3680438794 nan 1.08321944974
28.0258947086 -117.974038165 1.09311962128
29.7619707638 -117.974038165 1.09311962128
30.5181253078 -117.974038165 1.09311962128
32.1291601671 -117.974038165 1.09311962128
33.2692814043 -8.51599933669 1.1010857623
34.5410267676 -8.51599933669 1.1010857623
35.1642906084 -8.51599933669 1.1010857623
36.8021605976 -8.51599933669 1.1010857623
38.0545185905 -4.10775208343 1.11924282595
39.3045940762 -4.10775208343 1.11924282595
40.4098713378 -4.10775208343 1.11924282595
41.461395951 -4.10775208343 1.11924282595
42.3754218464 -4.10775208343 1.11924282595
43.8532388869 -1.18739371599 1.1312114702
44.9469153079 -1.18739371599 1.1312114702
45.7472465025 -1.18739371599 1.1312114702
46.9451969428 -1.18739371599 1.1312114702
48.2812775649 -1.18739371599 1.1312114702
49.2846422362 -1.18739371599 1.1312114702
50.4345507142 8.31145837879 1.15454307038
51.6227591617 8.31145837879 1.15454307038
52.4000299542 8.31145837879 1.15454307038
53.3098292115 8.31145837879 1.15454307038
54.0754536917 8.31145837879 1.15454307038
54.4459928467 8.31145837879 1.15454307038
55.7741362484 11.8347746174 1.16670005322
56.2932997858 11.8347746174 1.16670005322
57.0481762618 11.8347746174 1.16670005322
57.6153766122 11.8347746174 1.16670005322
57.9879119113 11.8347746174 1.16670005322
58.7809419451 16.172307177 1.1804011582
59.3353892952 16.172307177 1.1804011582
59.8575567126 16.172307177 1.1804011582
60.7483706142 16.172307177 1.1804011582
60.9230041169 16.172307177 1.1804011582
61.1998561218 16.172307177 1.1804011582
61.4818551038 25.1195133099 1.19958966523
61.7757396497 25.1195133099 1.19958966523
61.9192220085 25.1195133099 1.19958966523
62.0877838672 25.1195133099 1.19958966523
62.0634294771 25.1195133099 1.19958966523
62.2259063072 29.7497972475 1.21178895301
62.110331817 29.7497972475 1.21178895301
62.2675283698 29.7497972475 1.21178895301
62.0747097393 29.7497972475 1.21178895301
61.7590467233 29.7497972475 1.21178895301
61.8247734293 37.3099895596 1.23198358174
61.7075920664 37.3099895596 1.23198358174
61.4753944955 37.3099895596 1.23198358174
61.2410588211 37.3099895596 1.23198358174
60.9988427743 37.3099895596 1.23198358174
60.4797851942 40.8706124923 1.24408844426
60.4032187719 40.8706124923 1.24408844426
59.964502105 40.8706124923 1.24408844426
59.4061645525 40.8706124923 1.24408844426
59.1198047326 40.8706124923 1.24408844426
58.4653596254 44.0717008928 1.25410111787
57.9436260697 44.0717008928 1.25410111787
57.3562682503 44.0717008928 1.25410111787
56.8772311709 44.0717008928 1.25410111787
56.1934015932 44.0717008928 1.25410111787
55.840431631 44.7166024738 1.25985554601
55.2724097717 44.7166024738 1.25985554601
54.6383872696 44.7166024738 1.25985554601
54.0414132378 44.7166024738 1.25985554601
53.4103692655 45.5468028466 1.26515122763
52.7478718114 45.5468028466 1.26515122763
52.0674283317 45.5468028466 1.26515122763
51.3752943995 45.5468028466 1.26515122763
50.6721457485 45.5468028466 1.26515122763
49.9994414782 45.5468028466 1.26515122763
49.3135146655 44.6170286091 1.26957760393
48.6115912128 44.6170286091 1.26957760393
47.9179692092 44.6170286091 1.26957760393
47.214474727 44.6170286091 1.26957760393
46.3171218828 44.6170286091 1.26957760393
45.7893019322 41.0877582121 1.28181218162
45.1561286811 41.0877582121 1.28181218162
44.4709443656 41.0877582121 1.28181218162
43.6456669539 41.0877582121 1.28181218162
43.1817075511 38.9214715212 1.29025155698
42.5772463762 38.9214715212 1.29025155698
42.0237342333 38.9214715212 1.29025155698
41.4693528118 38.9214715212 1.29025155698
40.9520978546 38.9214715212 1.29025155698
40.5084882338 38.9214715212 1.29025155698
40.1051212219 38.9214715212 1.29025155698
39.4000806101 37.4024279041 1.29367086162
39.1773722512 37.4024279041 1.29367086162
38.8947604243 37.4024279041 1.29367086162
38.5786602729 34.6785821353 1.30080384771
38.3296166671 34.6785821353 1.30080384771
38.1093620164 34.6785821353 1.30080384771
37.9122672979 34.6785821353 1.30080384771
37.6688987118 34.6785821353 1.30080384771
37.435625515 34.6785821353 1.30080384771
37.170195352 34.6785821353 1.30080384771
37.0593250433 34.6785821353 1.30080384771
37.0809131991 32.8009912284 1.30339245404
36.9872082202 32.8009912284 1.30339245404
36.9245691853 32.8009912284 1.30339245404
36.7989341454 32.8009912284 1.30339245404
36.7367812821 30.7188866899 1.31364248016
36.6102184877 30.7188866899 1.31364248016
36.5514755924 30.7188866899 1.31364248016
36.6079774375 30.7188866899 1.31364248016
36.6025247333 30.7188866899 1.31364248016
36.5532304779 30.7188866899 1.31364248016
36.5838759356 27.6076969178 1.31900623551
36.6086714225 27.6076969178 1.31900623551
36.5974183435 27.6076969178 1.31900623551
36.6056334022 27.6076969178 1.31900623551
36.6818585729 27.6076969178 1.31900623551
36.7273900395 27.6076969178 1.31900623551
36.5490081998 26.5111587388 1.32765365582
36.6744569171 26.5111587388 1.32765365582
36.6869002086 26.5111587388 1.32765365582
36.5431877299 26.5111587388 1.32765365582
36.4751210533 26.1515497956 1.33351376285
36.4062329101 25.5384709028 1.33351376285
36.3341361135 25.5384709028 1.33351376285
36.2641885447 25.5384709028 1.33351376285
36.193350837 25.5384709028 1.33351376285
36.1124781927 25.5384709028 1.33351376285
35.923355138 25.0613256753 1.33697285701
35.7945499909 25.0613256753 1.33697285701
35.7889568983 25.0613256753 1.33697285701
35.7156397836 25.0613256753 1.33697285701
35.6218105807 25.0613256753 1.33697285701
35.5439481452 24.8062239038 1.34475932519
35.3412615606 24.8062239038 1.34475932519
35.3163638854 24.8062239038 1.34475932519
35.1966864599 24.8062239038 1.34475932519
35.1528643522 24.8062239038 1.34475932519
35.0409088415 25.0973897486 1.34185982187
34.9224344233 25.0973897486 1.34185982187
34.9448315131 25.0973897486 1.34185982187
34.7709058804 25.0973897486 1.34185982187
34.6804080235 25.0973897486 1.34185982187
34.5685472293 25.6750093661 1.34290367796
34.5174747154 25.6750093661 1.34290367796
34.4948110441 25.6750093661 1.34290367796
34.3499931094 25.6750093661 1.34290367796
34.3580122364 26.4605162283 1.34407102985
34.4314700452 26.4605162283 1.34407102985
34.3902201541 26.4605162283 1.34407102985
34.275302511 27.8847682253 1.34218188695
34.3537711741 27.8847682253 1.34218188695
34.3833925439 27.8847682253 1.34218188695
34.4473181585 27.8847682253 1.34218188695
34.503948097 27.8847682253 1.34218188695
34.5764075502 27.8847682253 1.34218188695
34.7437210841 28.3599962284 1.34406335897
34.9153684869 28.3599962284 1.34406335897
35.0933300758 28.3599962284 1.34406335897
35.2920851396 28.3599962284 1.34406335897
35.5310956503 27.5807724825 1.32556585105
35.8084932912 27.5807724825 1.32556585105
36.0915435576 27.5807724825 1.32556585105
36.4016425377 27.5807724825 1.32556585105
36.715208338 27.5807724825 1.32556585105
37.1461687431 27.5807724825 1.32556585105
37.566711125 28.0812412012 1.32415630445
37.974228812 28.0812412012 1.32415630445
38.3802071611 28.0812412012 1.32415630445
38.7910185103 28.0812412012 1.32415630445
39.2140951026 27.3776062208 1.31873569406
39.8064837287 27.3776062208 1.31873569406
40.2845679755 27.3776062208 1.31873569406
40.7850616798 27.3776062208 1.31873569406
41.3005345286 27.3776062208 1.31873569406
41.8700501931 28.034098919 1.30147782962
42.5668247014 28.034098919 1.30147782962
42.9255258339 28.034098919 1.30147782962
43.4102557463 28.034098919 1.30147782962
43.9777513321 29.4817070605 1.28712649866
44.5520534355 29.4817070605 1.28712649866
45.1466733627 29.4817070605 1.28712649866
45.7002878771 29.4817070605 1.28712649866
46.2635644911 29.4817070605 1.28712649866
46.7288361098 29.4817070605 1.28712649866
47.3084616674 30.6810187013 1.27466055714
48.1883282977 30.6810187013 1.27466055714
48.5221176259 30.6810187013 1.27466055714
48.9549697072 30.6810187013 1.27466055714
49.6041362879 30.6810187013 1.27466055714
49.9966661073 30.6810187013 1.27466055714
50.5531588074 31.6485212994 1.26800006429
51.0457893484 31.6485212994 1.26800006429
51.7075838713 31.6485212994 1.26800006429
52.2714089068 36.8714016482 1.26052700545
52.7305969063 36.8714016482 1.26052700545
52.9908412183 36.8714016482 1.26052700545
53.3525233478 36.8714016482 1.26052700545
53.9130501725 36.8714016482 1.26052700545
54.1449193909 36.8714016482 1.26052700545
54.3753259295 36.8714016482 1.26052700545
54.6767925669 36.8714016482 1.26052700545
54.8466945278 36.8714016482 1.26052700545
55.0717725271 40.4936153611 1.24502278052
55.1339416539 40.4936153611 1.24502278052
55.0630692783 40.4936153611 1.24502278052
55.1693090534 40.4936153611 1.24502278052
55.3192522292 40.4936153611 1.24502278052
55.3462385674 42.6051014224 1.23382746447
55.2903577384 42.6051014224 1.23382746447
55.3301706702 42.6051014224 1.23382746447
55.2658959698 42.6051014224 1.23382746447
55.1567682548 42.6051014224 1.23382746447
55.1040714785 42.6051014224 1.23382746447
54.9089499053 42.6051014224 1.23382746447
54.8060286887 45.3529703194 1.22595561213
54.5992394133 45.3529703194 1.22595561213
54.4038988624 45.3529703194 1.22595561213
54.2482165153 45.3529703194 1.22595561213
54.0028929393 45.3529703194 1.22595561213
53.7795437886 47.1481176796 1.22201813632
53.4865626387 47.1481176796 1.22201813632
53.2200748279 47.1481176796 1.22201813632
52.974075817 47.1481176796 1.22201813632
52.7045132202 49.6990671567 1.21979646911
52.4615545935 49.6990671567 1.21979646911
52.2003049005 49.6990671567 1.21979646911
51.60310347 49.6990671567 1.21979646911
51.4413767512 49.6990671567 1.21979646911
51.1070481069 49.5528405104 1.21817821744
50.8860245003 49.5528405104 1.21817821744
50.6699426606 49.5528405104 1.21817821744
50.3960274938 49.5528405104 1.21817821744
50.1358864428 49.5528405104 1.21817821744
50.0881329524 50.3850831929 1.21205706115
49.5353680625 50.3850831929 1.21205706115
49.3782053115 50.3850831929 1.21205706115
49.1485379232 50.3850831929 1.21205706115
48.8737958955 48.9691341776 1.21667038084
48.6990214141 48.9691341776 1.21667038084
48.599557386 48.9691341776 1.21667038084
48.3285412849 48.9691341776 1.21667038084
48.0916511064 48.9691341776 1.21667038084
47.9176375689 48.9691341776 1.21667038084
47.7542760595 48.3530859588 1.21214136611
47.629324412 48.3530859588 1.21214136611
47.4599872615 48.3530859588 1.21214136611
47.4119041367 48.3530859588 1.21214136611
47.2294636655 48.3530859588 1.21214136611
47.2400812527 48.3530859588 1.21214136611
47.1197864635 47.0352096135 1.2109883049
47.1417830121 47.0352096135 1.2109883049
47.031513001 47.0352096135 1.2109883049
46.9487312654 47.0352096135 1.2109883049
46.936581455 47.0352096135 1.2109883049
46.8261480418 44.9778229527 1.21042448767
46.7800291395 44.9778229527 1.21042448767
46.7612164937 44.9778229527 1.21042448767
46.7383666306 44.9778229527 1.21042448767
46.6639817961 44.9778229527 1.21042448767
46.542203575 44.6459822252 1.20918925517
46.4757585067 44.6459822252 1.20918925517
46.4950551979 44.6459822252 1.20918925517
46.46131369 44.6459822252 1.20918925517
46.4152359816 44.294239656 1.20706289601
46.3515568986 44.294239656 1.20706289601
46.5475264795 44.294239656 1.20706289601
46.4669689107 44.294239656 1.20706289601
46.4051544226 44.294239656 1.20706289601
46.3677482699 42.6328654725 1.20635835691
46.2736757774 42.6328654725 1.20635835691
46.2338401243 42.6328654725 1.20635835691
46.1975140058 42.6328654725 1.20635835691
46.096817627 42.6328654725 1.20635835691
45.943534987 42.6328654725 1.20635835691
45.9138683126 40.784947523 1.20454794295
45.8500645733 40.784947523 1.20454794295
45.7710394483 40.784947523 1.20454794295
45.6212550435 40.784947523 1.20454794295
45.5108628339 40.784947523 1.20454794295
45.3480528937 40.784947523 1.20454794295
45.1797100419 40.3017768471 1.20511176231
45.0326317825 40.3017768471 1.20511176231
44.8766821564 40.3017768471 1.20511176231
44.6831595666 40.3017768471 1.20511176231
44.400641686 40.5272810131 1.20266279455
44.2370999929 40.5272810131 1.20266279455
44.0451580192 40.5272810131 1.20266279455
43.7952609678 40.5272810131 1.20266279455
43.4785604013 40.5272810131 1.20266279455
43.2323050391 40.5272810131 1.20266279455
43.0004908651 40.6787379121 1.20465615628
42.7139228564 40.6787379121 1.20465615628
42.3639313874 40.6787379121 1.20465615628
41.9753364098 40.6787379121 1.20465615628
41.7667158843 40.6787379121 1.20465615628
41.4338307385 40.6787379121 1.20465615628
41.093238077 40.4606892334 1.20168115448
40.8133131057 40.4606892334 1.20168115448
40.4979833356 40.4606892334 1.20168115448
40.2337022618 40.4606892334 1.20168115448
40.0282806575 40.1177856487 1.20179588445
39.7742345104 40.1177856487 1.20179588445
39.5511988337 40.1177856487 1.20179588445
39.3205871435 40.1177856487 1.20179588445
39.0579050562 40.1177856487 1.20179588445
38.8557490012 39.9290382671 1.20535796128
38.7359023089 39.8989975444 1.20535796128
38.551730063 39.8989975444 1.20535796128
38.3809711063 39.8989975444 1.20535796128
38.3266587748 39.8989975444 1.20535796128
38.2759703697 39.8989975444 1.20535796128
38.1229643022 39.8989975444 1.20535796128
38.0921429975 38.4261117806 1.20517721108
38.0624359292 38.4261117806 1.20517721108
38.0472121001 38.4261117806 1.20517721108
38.1007202482 38.4261117806 1.20517721108
38.1267833909 36.2704216871 1.21034118282
38.1863592031 36.2704216871 1.21034118282
38.2253893058 36.2704216871 1.21034118282
38.3113063647 36.2704216871 1.21034118282
38.4476652344 36.2704216871 1.21034118282
38.4131797309 36.2704216871 1.21034118282
38.4697595776 33.7862936114 1.21568367643
38.5076577082 33.7862936114 1.21568367643
38.5301906286 33.7862936114 1.21568367643
38.7739185602 33.7862936114 1.21568367643
38.9299992518 33.7862936114 1.21568367643
39.0821822158 33.7862936114 1.21568367643
39.1907497088 32.6655806491 1.21694977323
39.3851379049 32.6655806491 1.21694977323
39.4800021516 32.6655806491 1.21694977323
39.5596843248 32.6655806491 1.21694977323
39.7293046401 32.6655806491 1.21694977323
39.8988584189 32.5411657903 1.21586636298
40.0678848161 32.5411657903 1.21586636298
40.1846788598 32.5411657903 1.21586636298
40.3247179683 32.5411657903 1.21586636298
40.4607726624 32.5411657903 1.21586636298
40.6290617316 32.5522637657 1.21374868956
40.7625393466 32.5522637657 1.21374868956
40.9010321869 32.5522637657 1.21374868956
41.0294433568 32.5522637657 1.21374868956
41.1888369169 33.3288703899 1.21525005549
41.3538753257 33.3288703899 1.21525005549
41.5449935149 33.3288703899 1.21525005549
41.681003914 33.3288703899 1.21525005549
41.8288422718 33.3288703899 1.21525005549
41.9721004634 33.3288703899 1.21525005549
42.1042354516 33.3288703899 1.21525005549
42.1691152413 33.4371394253 1.22223499812
42.2637937978 33.4371394253 1.22223499812
42.3815100882 33.4371394253 1.22223499812
42.5404172755 33.4371394253 1.22223499812
42.6667904336 35.016543433 1.22708098186
42.7748109186 35.016543433 1.22708098186
42.8721448002 35.016543433 1.22708098186
42.9751371546 35.016543433 1.22708098186
43.0301598435 35.016543433 1.22708098186
43.0367255946 35.016543433 1.22708098186
43.1367436079 35.4569978488 1.22526782588
43.1548369748 35.4569978488 1.22526782588
43.2770109315 35.4569978488 1.22526782588
43.3653587747 35.4569978488 1.22526782588
43.4042398671 35.4569978488 1.22526782588
43.439654321 36.1985605747 1.22652465138
43.4891903018 36.1985605747 1.22652465138
43.5257246512 36.1985605747 1.22652465138
43.5303123985 36.1985605747 1.22652465138
43.5462261031 36.1985605747 1.22652465138
43.5950935968 36.1985605747 1.22652465138
43.6524619614 36.8004167843 1.22861458736
43.7020016684 36.8004167843 1.22861458736
43.7454980335 36.8004167843 1.22861458736
43.7676167967 36.8004167843 1.22861458736
43.75605001 36.8004167843 1.22861458736
43.8293746903 37.5127791273 1.22979896937
43.8554428944 37.5127791273 1.22979896937
43.8829353884 37.5127791273 1.22979896937
43.8566414054 37.5127791273 1.22979896937
43.8385769111 37.5127791273 1.22979896937
43.8678631936 37.78862655 1.23216986656
43.8787512322 37.78862655 1.23216986656
43.8854122243 37.78862655 1.23216986656
43.9054939341 37.78862655 1.23216986656
43.8927726068 37.78862655 1.23216986656
43.8825980878 37.78862655 1.23216986656
43.8467066335 38.1217620527 1.23201730059
43.8901631782 38.1217620527 1.23201730059
43.9049404726 38.1217620527 1.23201730059
43.9023527935 38.1217620527 1.23201730059
43.9181290098 38.759641472 1.23205470192
43.8936578327 38.759641472 1.23205470192
43.8987642357 38.759641472 1.23205470192
43.9085992463 38.759641472 1.23205470192
43.9273861262 38.759641472 1.23205470192
43.9308122207 38.759641472 1.23205470192
44.0187103899 38.759641472 1.23205470192
44.0108512286 38.759641472 1.23205470192
44.0831160901 39.1509937036 1.23690972097
44.0875251768 39.1509937036 1.23690972097
44.1274201786 39.1509937036 1.23690972097
44.2259864028 39.1509937036 1.23690972097
44.289274713 39.1509937036 1.23690972097
44.3963396495 39.2256563402 1.23292551722
44.4135104826 39.2256563402 1.23292551722
44.4968352396 39.2256563402 1.23292551722
44.6322874992 39.2256563402 1.23292551722
44.6858515025 39.2256563402 1.23292551722
44.8616295219 38.9865557075 1.23619732727
44.9554692264 38.9865557075 1.23619732727
45.0143406146 38.9865557075 1.23619732727
45.1321205072 38.9865557075 1.23619732727
45.2236365678 39.1064938478 1.23740999003
45.332117728 39.1064938478 1.23740999003
45.5434782261 39.1064938478 1.23740999003
45.7013490597 39.1064938478 1.23740999003
45.8558841365 39.0962373302 1.24132188709
46.024053206 39.0962373302 1.24132188709
46.1720236109 39.0962373302 1.24132188709
46.3613803312 39.0962373302 1.24132188709
46.5502102401 39.0962373302 1.24132188709
46.7403162561 39.0962373302 1.24132188709
46.943484525 39.6165358273 1.23846346358
47.15156837 39.6165358273 1.23846346358
47.3845418675 39.6165358273 1.23846346358
47.6195354972 39.6165358273 1.23846346358
47.9044005921 39.6165358273 1.23846346358
48.1922925738 40.0934255103 1.24253112718
48.4845832454 40.0934255103 1.24253112718
48.795669747 40.0934255103 1.24253112718
49.1461193364 40.4393065556 1.24417861728
49.5519576684 40.4393065556 1.24417861728
49.9000884959 40.4393065556 1.24417861728
50.317631921 40.4393065556 1.24417861728
50.7217151354 40.4393065556 1.24417861728
51.140992165 40.4393065556 1.24417861728
51.5642287505 40.4393065556 1.24417861728
52.0438648533 40.6856096559 1.24765064774
52.5070182765 40.6856096559 1.24765064774
53.0033902776 40.6856096559 1.24765064774
53.4914906976 40.6856096559 1.24765064774
53.9638787749 40.6856096559 1.24765064774
54.5474715798 41.6227110426 1.24683129936
55.0386218322 41.6227110426 1.24683129936
55.6529449977 41.6227110426 1.24683129936
56.1563385904 41.6227110426 1.24683129936
56.8418303572 42.3096717761 1.25099359866
57.4181368478 42.3096717761 1.25099359866
58.0150309507 42.3096717761 1.25099359866
58.6552573926 42.3096717761 1.25099359866
59.2674837596 42.3096717761 1.25099359866
59.8773877623 44.3094370365 1.25358174907
60.4984861154 44.3094370365 1.25358174907
61.1047767633 44.3094370365 1.25358174907
61.7533649372 44.3094370365 1.25358174907
62.3646231928 44.3094370365 1.25358174907
63.0568111251 46.0337443894 1.25292058259
63.611029806 46.0337443894 1.25292058259
64.2942750088 46.0337443894 1.25292058259
64.9910388396 46.0337443894 1.25292058259
65.5725707128 46.0337443894 1.25292058259
66.3072048489 47.7192064147 1.25273207512
66.8998248863 47.7192064147 1.25273207512
67.6338482521 47.7192064147 1.25273207512
68.2269487461 47.7192064147 1.25273207512
68.8427477598 47.7192064147 1.25273207512
69.5246128518 51.6766022088 1.24809263739
70.1900172801 51.6766022088 1.24809263739
70.8589348794 51.6766022088 1.24809263739
71.4868560366 51.6766022088 1.24809263739
72.0921015428 51.6766022088 1.24809263739
72.7262348184 54.2364088689 1.24975159894
73.9070654464 54.2364088689 1.24975159894
74.6811653923 54.2364088689 1.24975159894
75.4064354285 54.2364088689 1.24975159894
75.9018580747 54.2364088689 1.24975159894
76.6395548011 54.2364088689 1.24975159894
77.1787378176 54.2364088689 1.24975159894
77.6333330285 54.2364088689 1.24975159894
78.1622908282 54.2364088689 1.24975159894
78.7286335806 56.5505406654 1.24948174997
79.3267155073 56.5505406654 1.24948174997
79.7858853269 56.5505406654 1.24948174997
80.4010822029 61.6811364904 1.24852413442
80.9329251694 61.6811364904 1.24852413442
81.4815227865 61.6811364904 1.24852413442
82.1450482292 61.6811364904 1.24852413442
82.6922179183 65.0329155431 1.24030822178
83.1572503528 65.0329155431 1.24030822178
83.7046791797 65.0329155431 1.24030822178
84.1004460058 65.0329155431 1.24030822178
84.5951553773 67.263020574 1.246812546
85.2453518371 67.263020574 1.246812546
85.6174632053 67.263020574 1.246812546
86.2214959489 67.263020574 1.246812546
86.7097564398 67.263020574 1.246812546
87.2205395206 67.263020574 1.246812546
87.7512433176 67.263020574 1.246812546
88.3404969291 70.2267286873 1.23681823503
88.7918247995 70.2267286873 1.23681823503
89.2558229787 70.2267286873 1.23681823503
89.7457245945 70.2267286873 1.23681823503
90.2947105807 70.2267286873 1.23681823503
90.6847257943 75.4238115443 1.22856527826
91.1643950975 75.4238115443 1.22856527826
91.6440705428 75.4238115443 1.22856527826
92.0811959623 75.4238115443 1.22856527826
92.9468602814 78.4437085952 1.23144276006
93.4142407799 78.4437085952 1.23144276006
94.0786090152 78.4437085952 1.23144276006
94.5008081533 78.4437085952 1.23144276006
94.8450286167 80.9439878504 1.22453044594
95.269839788 80.9439878504 1.22453044594
95.6820933152 80.9439878504 1.22453044594
96.0915716005 80.9439878504 1.22453044594
96.4693877062 80.9439878504 1.22453044594
96.9194109023 83.2671915164 1.22113923191
97.31293 83.2671915164 1.22113923191
97.671248427 83.2671915164 1.22113923191
98.0657794633 83.2671915164 1.22113923191
98.4276834099 83.2671915164 1.22113923191
98.8243915556 83.2671915164 1.22113923191
99.2458496871 85.3007117155 1.21751897915
99.5766710673 85.3007117155 1.21751897915
99.9773111874 85.3007117155 1.21751897915
100.380526159 85.3007117155 1.21751897915
100.766937286 85.3007117155 1.21751897915
101.109866617 89.6812480011 1.20926461207
101.532278106 89.6812480011 1.20926461207
101.861720063 89.6812480011 1.20926461207
102.226942366 89.6812480011 1.20926461207
102.615858792 91.2340721125 1.20720658872
102.9062045 91.2340721125 1.20720658872
103.363106597 91.2340721125 1.20720658872
103.577420329 91.2340721125 1.20720658872
103.880652244 91.2340721125 1.20720658872
104.254287989 91.2340721125 1.20720658872
104.618349712 92.6186260089 1.20427875636
104.854646271 92.6186260089 1.20427875636
105.170095016 92.6186260089 1.20427875636
105.415700244 92.6186260089 1.20427875636
105.670943738 92.6186260089 1.20427875636
105.990654989 94.5668446947 1.20183944949
106.230314262 94.5668446947 1.20183944949
106.43733773 94.5668446947 1.20183944949
106.723741866 94.5668446947 1.20183944949
107.089382999 94.5668446947 1.20183944949
107.185655964 94.5668446947 1.20183944949
107.395091494 97.7451848287 1.20054088624
107.629307811 97.7451848287 1.20054088624
107.841768163 97.7451848287 1.20054088624
108.033753915 97.7451848287 1.20054088624
108.205891336 97.7451848287 1.20054088624
108.406819059 99.4415362979 1.19620219507
108.67553991 99.4415362979 1.19620219507
108.867318866 99.4415362979 1.19620219507
109.02980205 99.4415362979 1.19620219507
109.163921149 99.4415362979 1.19620219507
109.370902072 100.221731891 1.19486300776
109.510842271 100.221731891 1.19486300776
109.684262414 100.221731891 1.19486300776
109.719998662 100.221731891 1.19486300776
109.839528279 100.221731891 1.19486300776
110.022002501 100.221731891 1.19486300776
110.133538327 101.921203123 1.19415550652
110.228127978 101.921203123 1.19415550652
110.34030014 101.921203123 1.19415550652
110.413616323 101.921203123 1.19415550652
110.476979394 101.921203123 1.19415550652
110.522260617 105.55056176 1.18750807882
110.551739125 105.55056176 1.18750807882
110.587405564 105.55056176 1.18750807882
110.596713376 105.55056176 1.18750807882
110.584313668 105.55056176 1.18750807882
110.538688989 105.55056176 1.18750807882
110.563279661 106.18702432 1.18615431862
110.542203073 106.18702432 1.18615431862
110.503236239 106.18702432 1.18615431862
110.440107985 106.18702432 1.18615431862
110.384198216 106.18702432 1.18615431862
110.323357542 106.18702432 1.18615431862
110.255033002 107.16191504 1.18077492652
110.162169507 107.16191504 1.18077492652
110.05366199 107.16191504 1.18077492652
109.910906568 107.16191504 1.18077492652
109.774003709 107.71075192 1.18194185552
109.635126533 107.71075192 1.18194185552
109.49733582 107.71075192 1.18194185552
109.328908552 107.71075192 1.18194185552
109.138242744 107.71075192 1.18194185552
108.87455579 109.156127271 1.17926430826
108.742842745 109.156127271 1.17926430826
108.518533212 109.156127271 1.17926430826
108.199232647 109.156127271 1.17926430826
108.088344078 109.156127271 1.17926430826
107.813216042 108.552352325 1.18060532432
107.469167795 108.552352325 1.18060532432
107.214754241 108.552352325 1.18060532432
106.93358034 108.552352325 1.18060532432
106.590481068 108.552352325 1.18060532432
106.322997748 108.08968226 1.17874747945
105.997554136 108.08968226 1.17874747945
105.655754309 108.08968226 1.17874747945
105.353317109 108.08968226 1.17874747945
104.946489794 108.08968226 1.17874747945
104.662479635 107.649794304 1.1792656829
104.271407 107.649794304 1.1792656829
103.878073288 107.649794304 1.1792656829
103.504358214 107.649794304 1.1792656829
103.127669286 107.649794304 1.1792656829
102.75102578 106.917309981 1.1798833058
102.308277111 106.917309981 1.1798833058
101.899456967 106.917309981 1.1798833058
101.482248925 106.917309981 1.1798833058
101.042228203 106.917309981 1.1798833058
100.632776067 106.917309981 1.1798833058
100.199941637 106.631083402 1.18053067156
99.7403612931 106.631083402 1.18053067156
99.2945571948 106.631083402 1.18053067156
98.8272894327 106.631083402 1.18053067156
98.3567113816 106.631083402 1.18053067156
97.8723807052 103.566558239 1.18245416448
97.3713777065 103.566558239 1.18245416448
96.8889285171 103.566558239 1.18245416448
96.3787896843 101.700458093 1.1833302045
95.9112419991 101.700458093 1.1833302045
95.4025095147 101.700458093 1.1833302045
94.8738185049 101.700458093 1.1833302045
94.3548365332 100.451785227 1.18389274144
93.3691206623 100.451785227 1.18389274144
92.7861363983 100.451785227 1.18389274144
92.288029549 100.451785227 1.18389274144
91.7467515729 100.451785227 1.18389274144
91.3298622643 100.451785227 1.18389274144
90.7806447742 99.4385322008 1.18362251046
90.239360498 99.4385322008 1.18362251046
89.7085855637 99.4385322008 1.18362251046
89.1070976189 99.4385322008 1.18362251046
88.5569035489 99.4385322008 1.18362251046
88.0404638476 94.7597261655 1.18719257327
87.4921563641 94.7597261655 1.18719257327
86.9632638407 94.7597261655 1.18719257327
86.4249835147 94.7597261655 1.18719257327
85.8618754204 94.7597261655 1.18719257327
85.3480834483 94.7597261655 1.18719257327
84.8043796071 93.2523333516 1.18681256038
84.20612907 93.2523333516 1.18681256038
83.7222678958 93.2523333516 1.18681256038
83.1754199342 93.2523333516 1.18681256038
82.6571607209 93.2523333516 1.18681256038
82.0807665808 90.7903534601 1.18886249343
81.5971452271 90.7903534601 1.18886249343
81.1582719555 90.7903534601 1.18886249343
80.5628138148 90.7903534601 1.18886249343
79.9792424103 90.7903534601 1.18886249343
79.4800754626 90.7903534601 1.18886249343
78.9723816819 87.0124242502 1.18862440094
78.5129869527 87.0124242502 1.18862440094
78.0111548439 87.0124242502 1.18862440094
77.5119879235 87.0124242502 1.18862440094
77.059456632 87.0124242502 1.18862440094
76.608176757 83.4222471839 1.19256506741
76.0864773593 83.4222471839 1.19256506741
75.6574118124 83.4222471839 1.19256506741
75.1026700747 83.4222471839 1.19256506741
74.663276146 83.4222471839 1.19256506741
74.1698810414 83.4222471839 1.19256506741
73.6754883622 80.2735091716 1.19594277255
73.1657050079 80.2735091716 1.19594277255
72.7061774954 80.2735091716 1.19594277255
72.2630169198 80.2735091716 1.19594277255
71.8039457928 80.2735091716 1.19594277255
71.3155913958 77.7543026056 1.19806289486
70.9057922233 77.7543026056 1.19806289486
70.405366074 77.7543026056 1.19806289486
69.9616738269 77.7543026056 1.19806289486
69.4909461762 75.8370373656 1.19677784203
68.9745087978 75.8370373656 1.19677784203
68.5092783383 75.8370373656 1.19677784203
68.1211665532 75.8370373656 1.19677784203
67.7504117613 75.8370373656 1.19677784203
67.2953183265 75.8370373656 1.19677784203
66.8914151947 75.8370373656 1.19677784203
66.3617625016 73.1165713231 1.20262947994
65.9025423327 73.1165713231 1.20262947994
65.4838652771 73.1165713231 1.20262947994
64.9078479315 73.1165713231 1.20262947994
64.3502302477 73.1165713231 1.20262947994
63.9167413291 68.8442936306 1.20479451087
63.4789021398 68.8442936306 1.20479451087
62.979289664 68.8442936306 1.20479451087
62.4894458685 68.8442936306 1.20479451087
61.9990344423 68.8442936306 1.20479451087
61.5685591363 68.8442936306 1.20369838869
61.1030920836 66.9333328486 1.20369838869
60.6099600763 66.9333328486 1.20369838869
60.1238724233 66.9333328486 1.20369838869
59.6368053898 66.9333328486 1.20369838869
58.9768740736 66.9333328486 1.20369838869
58.4865753179 62.6250839318 1.20647879103
58.0039054984 62.6250839318 1.20647879103
57.5402615218 62.6250839318 1.20647879103
57.0425760384 62.6250839318 1.20647879103
56.5583004378 62.6250839318 1.20647879103
56.0806348698 60.1135329286 1.20581774422
55.5820789424 60.1135329286 1.20581774422
55.1205934222 60.1135329286 1.20581774422
54.5397216941 60.1135329286 1.20581774422
54.0356738633 60.1135329286 1.20581774422
53.5670631201 57.9031530866 1.20813233575
53.1482858345 57.9031530866 1.20813233575
52.7429568849 57.9031530866 1.20813233575
52.4003233273 57.9031530866 1.20813233575
51.9193059914 57.9031530866 1.20813233575
51.4246480479 57.9031530866 1.20813233575
50.9424149329 54.6831210034 1.20794217022
50.4565207065 54.6831210034 1.20794217022
49.9171330379 54.6831210034 1.20794217022
49.4521861236 54.6831210034 1.20794217022
48.8283115182 54.6831210034 1.20794217022
48.3474656555 52.561547995 1.2082620993
47.8845438037 52.561547995 1.2082620993
47.4378831137 52.561547995 1.2082620993
46.9918514256 52.561547995 1.2082620993
46.4968164118 50.661862844 1.20975550037
46.0437126746 50.661862844 1.20975550037
45.5396770509 50.661862844 1.20975550037
45.116609661 50.661862844 1.20975550037
44.642862493 50.661862844 1.20975550037
44.287181504 50.661862844 1.20975550037
43.8454534535 48.3358127399 1.2105206798
43.2698312224 48.3358127399 1.2105206798
42.7868825613 48.3358127399 1.2105206798
42.2783392592 48.3358127399 1.2105206798
41.7603715556 48.3358127399 1.2105206798
41.3606447151 45.3528366816 1.21027557704
40.8007106404 45.3528366816 1.21027557704
40.4610896248 45.3528366816 1.21027557704
40.0846795055 45.3528366816 1.21027557704
39.5184141613 45.3528366816 1.21027557704
39.1509128876 45.3528366816 1.21027557704
38.6060533124 42.6699642069 1.21071944735
38.219930717 42.6699642069 1.21071944735
37.7650221354 42.6699642069 1.21071944735
37.4843284663 42.6699642069 1.21071944735
37.0073861499 42.6699642069 1.21071944735
36.5612911543 38.9043086023 1.20924372056
36.1157270362 38.9043086023 1.20924372056
35.8568887827 38.9043086023 1.20924372056
35.3105949443 38.9043086023 1.20924372056
34.8718854625 37.678138796 1.20988211265
34.254024991 37.678138796 1.20988211265
33.8507997631 37.678138796 1.20988211265
33.3426412549 37.678138796 1.20988211265
32.9207766324 32.723431526 1.216670325
32.4118110624 32.723431526 1.216670325
31.9750663992 32.723431526 1.216670325
31.5408317564 32.723431526 1.216670325
31.0601224603 32.723431526 1.216670325
30.5390765276 30.7884111478 1.21013050624
30.0997831027 30.7884111478 1.21013050624
29.5331732632 30.7884111478 1.21013050624
29.0892476719 30.7884111478 1.21013050624
28.6064102954 30.7884111478 1.21013050624
28.1370368814 30.7884111478 1.21013050624
27.6621117116 30.7884111478 1.21013050624
27.2413576919 29.684658269 1.210907675
26.6071356665 29.684658269 1.210907675
26.1391127638 29.684658269 1.210907675
25.6750385225 29.684658269 1.210907675
25.1436436391 26.2938164076 1.21274322695
24.7360199077 26.2938164076 1.21274322695
24.2784242078 26.2938164076 1.21274322695
23.7950397052 26.2938164076 1.21274322695
23.4360747959 26.2938164076 1.21274322695
22.7612583784 26.2938164076 1.21274322695
22.3426354312 23.0636472041 1.21165888099
21.9076064697 23.0636472041 1.21165888099
21.4301277619 23.0636472041 1.21165888099
20.8817429496 23.0636472041 1.21165888099
20.3923445159 21.3683646001 1.21347259231
19.9257815975 21.3683646001 1.21347259231
19.499838532 21.3683646001 1.21347259231
18.9777119752 21.3683646001 1.21347259231
18.4153804296 19.8858819784 1.21308895018
17.9974582159 19.8858819784 1.21308895018
17.4935404319 19.8858819784 1.21308895018
16.8258096375 19.8858819784 1.21308895018
16.404114415 19.8858819784 1.21308895018
15.8485361238 19.8858819784 1.21308895018
15.3238565741 19.8858819784 1.21308895018
14.8211037281 17.4700624025 1.21038804028
14.2801335714 17.4700624025 1.21038804028
13.6117215201 17.4700624025 1.21038804028
13.120466484 17.4700624025 1.21038804028
12.496923124 17.4700624025 1.21038804028
11.8312386351 13.8372634025 1.2115029579
11.328181662 13.8372634025 1.2115029579
10.7554303779 13.8372634025 1.2115029579
10.1024469762 13.8372634025 1.2115029579
9.74059142213 13.8372634025 1.2115029579
9.20520613361 12.1988138306 1.21052638759
8.62448101967 12.1988138306 1.21052638759
8.05187040885 12.1988138306 1.21052638759
7.41882038984 12.1988138306 1.21052638759
6.75511862013 12.1988138306 1.21052638759
6.30651539355 12.1988138306 1.21052638759
5.70226015888 10.6046577226 1.21095912777
4.97231892135 10.6046577226 1.21095912777
4.53661518667 10.6046577226 1.21095912777
3.93814116864 5.9910612536 1.2124231366
3.31453161242 5.9910612536 1.2124231366
2.72280906803 5.9910612536 1.2124231366
2.12601282689 5.9910612536 1.2124231366
1.42679929045 5.9910612536 1.2124231366
0.822993603661 5.9910612536 1.21141182815
0.259747294793 4.78994754924 1.21141182815
-0.401450071276 4.78994754924 1.21141182815
-0.880365493935 4.78994754924 1.21141182815
-1.58096141935 4.78994754924 1.21141182815
-2.12082125782 4.78994754924 1.21141182815
-2.64545403876 4.78994754924 1.21141182815
-3.29587580489 4.78994754924 1.21141182815
-3.96141332508 2.75447753103 1.21660925328
-4.51044899557 2.75447753103 1.21660925328
-5.25120319092 2.75447753103 1.21660925328
-5.85417125923 2.75447753103 1.21660925328
-6.5120616885 -1.39095204692 1.21644053998
-7.08534630084 -1.39095204692 1.21644053998
-7.62281987191 -1.39095204692 1.21644053998
-8.40420399517 -1.39095204692 1.21644053998
-9.03626294922 -1.39095204692 1.21644053998
-9.4047833463 -3.83332229101 1.21630774729
-10.0463528256 -3.83332229101 1.21630774729
-10.6647846051 -3.83332229101 1.21630774729
-11.3110339362 -3.83332229101 1.21630774729
-12.0019130732 -3.83332229101 1.21630774729
-12.5766793998 -3.83332229101 1.21630774729
-13.1844771583 -5.43139447065 1.21621769947
-13.8134415674 -5.43139447065 1.21621769947
-14.5491983052 -5.43139447065 1.21621769947
-15.0355011578 -5.43139447065 1.21621769947
-15.7355666092 -11.2425182368 1.21424049888
-16.5414189876 -11.2425182368 1.21424049888
-17.1925055593 -11.2425182368 1.21424049888
-18.5272512458 -11.2425182368 1.21424049888
-18.9547173604 -12.9891921865 1.21371682186
-19.8590904231 -12.9891921865 1.21371682186
-21.0714369384 -12.9891921865 1.21371682186
-21.9710770103 -12.9891921865 1.21371682186
-22.8160900434 -12.9891921865 1.21371682186
-23.4040157103 -12.9891921865 1.21371682186
-24.3806496878 -14.3184548379 1.21582326902
-25.1067048686 -14.3184548379 1.21582326902
-26.4142493797 -14.3184548379 1.21582326902
-27.7433750622 -14.3184548379 1.21582326902
-28.7424646355 -14.3184548379 1.21582326902
-29.4670135902 -15.6237349745 1.21369786315
-30.3351268027 -15.6237349745 1.21369786315
-31.3038228957 -15.6237349745 1.21369786315
-32.0756695108 -15.6237349745 1.21369786315
-32.9857199768 -15.6237349745 1.21369786315
-33.8078983663 -23.7233597144 1.21365411217
-34.7887375986 -23.7233597144 1.21365411217
-35.5690356372 -23.7233597144 1.21365411217
-36.5157685979 -23.7233597144 1.21365411217
-37.4049765853 -23.7233597144 1.21365411217
-38.3529886207 -24.6448537355 1.21656401629
-39.1859610015 -24.6448537355 1.21656401629
-40.046411259 -24.6448537355 1.21656401629
-40.4157958561 -24.6448537355 1.21656401629
-41.9189432551 -24.6448537355 1.21656401629
-42.7872838819 -26.0293644802 1.21550005882
-43.6042585559 -26.0293644802 1.21550005882
-44.3174301879 -26.0293644802 1.21550005882
-45.1981053264 -26.0293644802 1.21550005882
-46.1277949223 -26.0293644802 1.21550005882
-47.0018420297 -27.8967749509 1.21504630519
-47.758329835 -27.8967749509 1.21504630519
-48.6915251043 -27.8967749509 1.21504630519
-49.4566926124 -27.8967749509 1.21504630519
-50.3827272842 -27.8967749509 1.21504630519
-51.1266968222 -32.1994698222 1.21454401265
-52.022619507 -32.1994698222 1.21454401265
-52.8128410823 -32.1994698222 1.21454401265
-53.6081120082 -35.5660385584 1.21414877696
-54.4478658281 -35.5660385584 1.21414877696
-55.1445860438 -35.5660385584 1.21414877696
-55.9208933197 -35.5660385584 1.21414877696
-56.5640494895 -35.5660385584 1.21414877696
-57.9772159575 -38.2499560139 1.21294482176
-58.7421513203 -38.2499560139 1.21294482176
-59.3317484514 -38.2499560139 1.21294482176
-59.8726480034 -38.2499560139 1.21294482176
-60.6138281766 -38.2499560139 1.21294482176
-61.2544475749 -38.2499560139 1.21294482176
-62.0466910272 -38.2499560139 1.21294482176
-62.4699672341 -40.9613136263 1.21127479744
-63.183923186 -40.9613136263 1.21127479744
-63.6690781837 -40.9613136263 1.21127479744
-64.293685475 -40.9613136263 1.21127479744
-64.9101060728 -40.9613136263 1.21127479744
-65.4062906442 -40.9613136263 1.21127479744
-65.8108338453 -41.0402306172 1.2107680193
-66.453703191 -46.77891477 1.2107680193
-66.9750089589 -46.77891477 1.2107680193
-67.5028828909 -46.77891477 1.2107680193
-67.9464400937 -46.77891477 1.2107680193
-68.4332732604 -46.77891477 1.2107680193
-68.9377182183 -46.77891477 1.2107680193
-69.458909379 -52.4316435767 1.21100544289
-69.8441443574 -52.4316435767 1.21100544289
-70.2390595387 -52.4316435767 1.21100544289
-70.5845489997 -52.4316435767 1.21100544289
-70.9833984084 -52.4316435767 1.21100544289
-71.3902830517 -52.4316435767 1.20855754134
-71.7752696091 -55.4153681327 1.20855754134
-72.0671695406 -55.4153681327 1.20855754134
-72.4264010416 -55.4153681327 1.20855754134
-72.846651312 -55.4153681327 1.20855754134
-73.1537845677 -60.529856004 1.21004307398
-73.4221662121 -60.529856004 1.21004307398
-73.7320268233 -60.529856004 1.21004307398
-73.9926701574 -60.529856004 1.21004307398
-74.2691839042 -60.529856004 1.21004307398
-74.512326442 -60.529856004 1.21004307398
-74.8441210465 -60.529856004 1.21004307398
-75.1554244815 -60.529856004 1.21004307398
-75.2708612453 -63.1870063861 1.21029676448
-75.5303025812 -63.1870063861 1.21029676448
-75.7646372597 -63.1870063861 1.21029676448
-76.0228297973 -63.1870063861 1.21029676448
-76.1974310985 -63.1870063861 1.21029676448
-76.4329026442 -63.1870063861 1.21029676448
-76.6916829299 -67.6229551311 1.20871580252
-76.8226349492 -67.6229551311 1.20871580252
-76.9754594516 -67.6229551311 1.20871580252
-77.1403487843 -67.6229551311 1.20871580252
-77.2373865562 -67.6229551311 1.20871580252
-77.3829277292 -70.988972395 1.21065060169
-77.5356484737 -70.988972395 1.21065060169
-77.3804186566 -70.988972395 1.21065060169
-77.4870606862 -70.988972395 1.21065060169
-77.5108074405 -70.988972395 1.21065060169
-78.143879338 -72.2625327823 1.21052583837
-78.3112840794 -72.2625327823 1.21052583837
-78.1980435803 -72.2625327823 1.21052583837
-78.2582678829 -72.2625327823 1.21052583837
-78.7400840218 -72.2625327823 1.21052583837
-78.9326934668 -72.2625327823 1.21052583837
-79.0697942076 -75.3137858354 1.21093883989
-79.3102469056 -75.3137858354 1.21093883989
-79.4518235711 -75.3137858354 1.21093883989
-79.6929099568 -75.3137858354 1.21093883989
-79.8174566249 -75.3137858354 1.21093883989
-80.2425404206 -75.3137858354 1.21093883989
-80.4353804549 -74.4633479521 1.21102544378
-80.694504822 -74.4633479521 1.21102544378
-80.9855270583 -74.4633479521 1.21102544378
-81.2283467715 -74.4633479521 1.21102544378
-81.4256782456 -74.4633479521 1.21102544378
-81.7465360746 -75.4598537611 1.21298467746
-82.029487132 -75.4598537611 1.21298467746
-82.4672666048 -75.4598537611 1.21298467746
-82.5245668201 -75.4598537611 1.21298467746
-82.4759957931 -76.2058441447 1.21409896376
-83.1818354754 -76.2058441447 1.21409896376
-83.4943372374 -76.2058441447 1.21409896376
-83.6149848096 -76.2058441447 1.21409896376
-83.8733202242 -75.9368462924 1.21248029046
-84.0422731737 -75.9368462924 1.21248029046
-83.897604092 -75.9368462924 1.21248029046
-84.1826977225 -75.9368462924 1.21248029046
-84.2726738264 -75.9368462924 1.21248029046
-84.7581287338 -77.4271896114 1.21301129829
-84.5066701373 -77.4271896114 1.21301129829
-84.7159941 -77.4271896114 1.21301129829
-84.8376689382 -77.4271896114 1.21301129829
-84.9060513734 -77.4271896114 1.21301129829
-85.0020177496 -77.4271896114 1.21301129829
-84.969886586 -77.2268583619 1.21194019004
-85.2083053317 -77.2268583619 1.21194019004
-84.9764702952 -77.2268583619 1.21194019004
-84.7828301895 -77.2268583619 1.21194019004
-84.5915925937 -77.7333829489 1.21382591095
-84.4748754899 -77.7333829489 1.21382591095
-84.3798263293 -77.7333829489 1.21382591095
-84.1477244712 -77.7333829489 1.21382591095
-83.7821030729 -77.7333829489 1.21382591095
-83.5599145018 -77.7333829489 1.21382591095
-83.3514308749 -77.7333829489 1.21382591095
-82.9490315 -77.7333829489 1.21382591095
-82.6645069559 -76.904121752 1.21459200876
-82.3182196428 -76.904121752 1.21459200876
-81.92746378 -76.904121752 1.21459200876
-81.3114048605 -76.904121752 1.21459200876
-80.6693999052 -76.904121752 1.21459200876
-80.3639260376 -78.1556566985 1.21358145947
-79.894377734 -78.1556566985 1.21358145947
-79.1613416065 -78.1556566985 1.21358145947
-78.5209742843 -78.1556566985 1.21358145947
-77.9362454848 -77.1186649642 1.21810981268
-77.0782902464 -77.1186649642 1.21810981268
-76.1991634625 -77.1186649642 1.21810981268
-75.3975966929 -77.1186649642 1.21810981268
-74.3380113059 -77.5813221282 1.21678776381
-73.5413789009 -77.5813221282 1.21678776381
-72.7780098342 -77.5813221282 1.21678776381
-71.8626532617 -77.5813221282 1.21678776381
-70.6732402127 -77.5813221282 1.21678776381
-69.6474677165 -77.5813221282 1.21678776381
-68.5203819651 -77.2388752181 1.21655427979
-67.2532595965 -77.2388752181 1.21655427979
-66.181497057 -77.2388752181 1.21655427979
-64.6662515281 -77.2388752181 1.21655427979
-63.5370384461 -77.2388752181 1.21655427979
-62.3794040418 -77.2388752181 1.21655427979
-60.8584775457 -74.7820921296 1.21503577985
-59.5051696156 -74.7820921296 1.21503577985
-58.121704054 -74.7820921296 1.21503577985
-56.8410286709 -74.7820921296 1.21503577985
-55.4602817202 -74.7820921296 1.21503577985
-54.153268133 -74.7820921296 1.21503577985
-52.7757193792 -73.6601810791 1.21465482598
-51.3121444841 -73.6601810791 1.21465482598
-50.007691236 -73.6601810791 1.21465482598
-48.5724157324 -72.3765616424 1.22000004706
-47.2523291147 -72.3765616424 1.22000004706
-45.7261553075 -72.3765616424 1.22000004706
-44.4822945375 -72.3765616424 1.22000004706
-42.9662985655 -72.3765616424 1.22000004706
-41.6893768975 -72.3765616424 1.22000004706
-40.3226699172 -72.3765616424 1.22000004706
-39.0695200133 -64.2961915868 1.21682845488
-37.5892343454 -64.2961915868 1.21682845488
-36.3301477873 -64.2961915868 1.21682845488
-35.1320371716 -64.2961915868 1.21682845488
-33.8365491858 -64.2961915868 1.21682845488
-32.5153323678 -64.2961915868 1.21682845488
-31.3019855979 -64.2961915868 1.21682845488
-29.9509713565 -58.7685857633 1.21973486434
-28.633438702 -58.7685857633 1.21973486434
-27.231133675 -58.7685857633 1.21973486434
-25.9825617517 -58.7685857633 1.21973486434
-24.7215410813 -58.7685857633 1.21973486434
-23.6041872742 -50.3138539328 1.21864167252
-22.3266873766 -50.3138539328 1.21864167252
-21.2873825804 -50.3138539328 1.21864167252
-20.2873967985 -50.3138539328 1.21864167252
-19.0993243324 -50.3138539328 1.21864167252
-18.9092241455 -47.8930760699 1.22083725971
-17.27394434 -47.8930760699 1.22083725971
-16.2621219578 -47.8930760699 1.22083725971
-15.1545007241 -47.8930760699 1.22083725971
-14.0580251878 -36.783502706 1.218911821
-12.9287133748 -36.783502706 1.218911821
-11.9638176242 -36.783502706 1.218911821
-10.8424329697 -36.783502706 1.218911821
-9.88147536627 -36.783502706 1.218911821
-9.03360478814 -36.783502706 1.218911821
-7.99509103464 -36.783502706 1.218911821
-7.11293098404 -30.6147061183 1.22087437338
-6.22864210715 -30.6147061183 1.22087437338
-5.29273027103 -30.6147061183 1.22087437338
-4.30324267666 -30.6147061183 1.22087437338
-3.3482559805 -30.6147061183 1.22087437338
-2.54625835636 -30.6147061183 1.22087437338
-1.65031815872 -27.8552813648 1.21816853337
-0.748457971557 -27.8552813648 1.21816853337
0.132718059346 -27.8552813648 1.21816853337
1.11871820624 -27.8552813648 1.21816853337
1.82681915017 -27.8552813648 1.21816853337
2.69585270904 -27.8552813648 1.21816853337
3.51024317408 -23.8108784499 1.21900515714
4.31527709525 -23.8108784499 1.21900515714
5.04788234759 -23.8108784499 1.21900515714
5.72757820279 -23.8108784499 1.21900515714
6.59195860303 -23.8108784499 1.21900515714
7.36453901351 -17.6334919483 1.22062037527
8.18027936837 -17.6334919483 1.22062037527
9.03731303523 -17.6334919483 1.22062037527
9.6079341308 -17.6334919483 1.22062037527
10.4566838291 -9.79658049316 1.21632070645
11.2679353639 -9.79658049316 1.21632070645
11.8361241786 -9.79658049316 1.21632070645
12.6187926875 -9.79658049316 1.21632070645
13.2366315239 -9.79658049316 1.21632070645
13.8641318754 -7.11246875296 1.21849719116
14.4223468915 -7.11246875296 1.21849719116
15.2649863771 -7.11246875296 1.21849719116
15.9103666899 -7.11246875296 1.21849719116
16.5014406688 -7.11246875296 1.21849719116
17.0601156931 -7.11246875296 1.21849719116
17.661290821 -2.7761630133 1.21820716322
18.2810890601 -2.7761630133 1.21820716322
18.7509199341 -2.7761630133 1.21820716322
19.3467765794 -2.77484320475 1.21813299821
19.8747710791 0.158629627965 1.21813299821
20.3940611653 0.158629627965 1.21813299821
20.9613918227 0.158629627965 1.21813299821
21.4474454907 0.158629627965 1.21813299821
21.9860217424 0.158629627965 1.21813299821
22.4519178208 5.85531152745 1.21915299542
22.9926749137 5.85531152745 1.21915299542
23.3774602311 5.85531152745 1.21915299542
23.8433280963 5.85531152745 1.21915299542
24.2378373449 5.85531152745 1.21915299542
24.6943024508 9.48892076698 1.21772679894
25.1110340436 9.48892076698 1.21772679894
25.4946684259 9.48892076698 1.21772679894
25.881419128 9.48892076698 1.21772679894
26.2483447592 10.570423686 1.21772679894
26.6011297939 10.845591589 1.21591770298
26.9332844966 10.845591589 1.21591770298
27.2817039923 10.845591589 1.21591770298
27.5500982868 10.845591589 1.21591770298
27.8831038358 10.845591589 1.21591770298
28.0723686729 10.845591589 1.21591770298
28.4331265861 13.1590407379 1.21675005991
28.6667628048 13.1590407379 1.21675005991
28.8588521797 13.1590407379 1.21675005991
29.0377892209 13.1590407379 1.21675005991
29.3617430562 13.1590407379 1.21675005991
29.5674116635 17.0030105026 1.21936564868
29.7180386384 17.0030105026 1.21936564868
29.8874119721 17.0030105026 1.21936564868
30.1412683268 17.0030105026 1.21936564868
30.3015604001 17.0030105026 1.21936564868
30.432425518 24.9671231949 1.21677601728
30.5634149738 24.9671231949 1.21677601728
30.7081412951 24.9671231949 1.21677601728
30.8400202272 24.9671231949 1.21677601728
30.9556581436 19.863765909 1.21770627418
31.0611743541 19.863765909 1.21770627418
31.1992414835 19.863765909 1.21770627418
31.3304669322 19.863765909 1.21770627418
31.4198169851 19.863765909 1.21770627418
31.5169018469 20.9915632912 1.22125439837
31.5711402363 20.9915632912 1.22125439837
31.6597817628 20.9915632912 1.22125439837
31.741977095 20.9915632912 1.22125439837
31.8241725914 20.9915632912 1.22125439837
31.8649009193 21.8809289829 1.21979667103
31.9243393774 21.8809289829 1.21979667103
31.925991496 21.8809289829 1.21979667103
32.010281178 21.8809289829 1.21979667103
32.0575470956 21.8809289829 1.21979667103
32.1582911634 22.5617041963 1.21852475699
32.1870533302 22.5617041963 1.21852475699
32.2500702239 22.5617041963 1.21852475699
32.3559142995 22.5617041963 1.21852475699
32.3761307248 22.5617041963 1.21852475699
32.432420421 22.5901809336 1.22148453449
32.4993628889 22.5901809336 1.22148453449
32.5579319609 22.5901809336 1.22148453449
32.5742091197 22.5901809336 1.22148453449
32.6302684467 22.5901809336 1.22148453449
32.6768982533 23.3008192889 1.21843109528
32.7335341621 23.3008192889 1.21843109528
32.7897139013 23.3008192889 1.21843109528
32.7868256779 23.3008192889 1.21843109528
32.9120153464 23.3008192889 1.21843109528
32.9519499116 23.3008192889 1.21843109528
32.9930312179 23.2222459055 1.21685554802
33.0686973597 23.2222459055 1.21685554802
33.1338300131 23.2222459055 1.21685554802
33.2484534249 23.2222459055 1.21685554802
33.3542760341 23.6436754688 1.21552752924
33.406958778 23.6436754688 1.21552752924
33.4824255347 23.6436754688 1.21552752924
33.5709591958 23.6436754688 1.21552752924
33.6530354171 23.6436754688 1.21552752924
33.7254937853 24.1308098532 1.2147946493
33.9069909406 24.1308098532 1.2147946493
33.958604483 24.1308098532 1.2147946493
34.1929911906 24.1308098532 1.2147946493
34.1683456208 24.1308098532 1.2147946493
34.3651542741 24.1308098532 1.2147946493
34.6005534441 24.8538658481 1.2122542912
34.6262045976 24.8538658481 1.2122542912
34.8127726999 24.8538658481 1.2122542912
34.8070144262 24.8538658481 1.2122542912
35.1332702547 24.8538658481 1.2122542912
35.3486480454 24.8538658481 1.2122542912
35.4543177526 25.2697176283 1.2101305004
35.6657519285 25.2697176283 1.2101305004
35.8422036382 25.2697176283 1.2101305004
35.9185798708 25.2697176283 1.2101305004
36.1072700987 25.2697176283 1.2101305004
36.2971285606 25.2919030526 1.20603339738
36.6956513416 25.2919030526 1.20603339738
36.8877370402 25.2919030526 1.20603339738
37.1710340914 25.2919030526 1.20603339738
37.3991809699 25.2919030526 1.20603339738
37.6024602785 24.435562913 1.20442494086
38.1327245203 24.435562913 1.20442494086
38.2398452743 24.435562913 1.20442494086
38.4792754851 24.435562913 1.20442494086
38.5457446157 24.435562913 1.20442494086
38.8684398004 24.6779284745 1.19944331259
38.9324172083 24.6779284745 1.19944331259
39.2499748567 24.6779284745 1.19944331259
39.1831740177 24.6779284745 1.19944331259
39.3757818178 24.6779284745 1.19944331259
39.5566391889 24.6779284745 1.19944331259
39.7606232535 25.3418871244 1.19379576368
40.1169632055 25.3418871244 1.19379576368
40.1232299905 25.3418871244 1.19379576368
40.4950390645 25.3418871244 1.19379576368
40.4767152452 25.3418871244 1.19379576368
40.772804566 25.4123608244 1.18921814447
40.7393852256 25.4123608244 1.18921814447
40.8409014147 25.4123608244 1.18921814447
41.0753418949 25.4123608244 1.18921814447
41.176142322 25.4123608244 1.18921814447
41.3387620647 25.7557326762 1.18442274123
41.5629433521 25.7557326762 1.18442274123
41.9422603173 25.7557326762 1.18442274123
41.8969275124 25.7557326762 1.18442274123
41.9542314677 25.7557326762 1.18442274123
42.3575112298 25.7529341051 1.17466842885
42.4548113203 25.7529341051 1.17466842885
42.4221380329 25.7529341051 1.17466842885
42.8326367492 25.7529341051 1.17466842885
42.7413378009 25.7529341051 1.17466842885
42.8831030539 25.7529341051 1.17466842885
42.8134545124 25.7529341051 1.17466842885
43.207014417 25.8760477595 1.17344065173
43.3230357122 25.8760477595 1.17344065173
43.4314103829 25.8760477595 1.17344065173
43.5698805964 25.8760477595 1.17344065173
43.6422559262 25.8760477595 1.17344065173
43.7854186744 25.8760477595 1.17344065173
43.9033703868 26.5502879812 1.1667188021
44.0254035374 26.5502879812 1.1667188021
44.1435332278 26.5502879812 1.1667188021
44.547456965 26.5502879812 1.1667188021
44.3996634567 26.5502879812 1.1667188021
44.5229909054 26.5502879812 1.1667188021
44.4895934263 27.2309680361 1.16007926677
44.614788607 27.2309680361 1.16007926677
45.0101074295 27.2309680361 1.16007926677
44.8853329139 27.2309680361 1.16007926677
45.0974227953 27.2309680361 1.16007926677
45.3451293295 27.2309680361 1.16007926677
45.1647672274 30.1373812193 1.14884192001
45.3493040545 30.1373812193 1.14884192001
45.5128199215 30.1373812193 1.14884192001
45.4566855538 30.1373812193 1.14884192001
45.6305425633 30.1373812193 1.14884192001
46.0700923958 32.6698766952 1.14606505275
45.9576686185 32.6698766952 1.14606505275
46.5027291333 32.6698766952 1.14606505275
46.7261371503 32.6698766952 1.14606505275
46.6942748625 35.2653974333 1.14340782108
46.9368123217 35.2653974333 1.14340782108
47.0586781744 35.2653974333 1.14340782108
47.2958126709 35.2653974333 1.14340782108
47.370480528 -48.0980824725 1.13580301008
47.7614153536 -48.0980824725 1.13580301008
47.8113829553 -48.0980824725 1.13580301008
48.0845245574 -48.0980824725 1.13580301008
48.2584204172 nan 1.1272751793
48.5382688019 nan 1.1272751793
49.1698072552 nan 1.1272751793
48.9644249101 nan 1.1272751793
49.1485098384 nan 1.1272751793
49.5142496009 nan 1.1272751793
49.7045314435 nan 1.1272751793
50.233835024 144.127948778 1.12215901888
50.4879309077 144.127948778 1.12215901888
50.3745864108 nan 1.11078367875
50.7303722412 nan 1.11078367875
51.4720223322 nan 1.11078367875
51.3695330889 nan 1.11078367875
51.2653396312 nan 1.10204499424
51.4632892218 nan 1.10204499424
51.5624406771 nan 1.10204499424
51.7390379621 nan 1.10204499424
51.9276254062 nan 1.10204499424
52.1862147162 nan 1.10204499424
52.3770283878 nan 1.09654807708
52.4543691467 nan 1.09654807708
52.678458172 nan 1.09654807708
52.9885970032 nan 1.09654807708
53.2517750371 nan 1.09654807708
53.3113454329 nan 1.09249520765
53.2782819156 nan 1.09249520765
53.616354785 nan 1.09249520765
53.5169654413 nan 1.09249520765
53.7380792595 nan 1.08170114652
53.6412597569 nan 1.08170114652
54.0251846178 nan 1.08170114652
53.8274029344 nan 1.08170114652
53.9893734493 nan 1.07606285724
53.9221675359 nan 1.07606285724
54.3245067166 nan 1.07606285724
54.3064503254 nan 1.07606285724
54.2883782897 nan 1.07606285724
54.3179912432 nan 1.07286608561
54.5746157765 nan 1.07286608561
54.6299767796 nan 1.07286608561
54.6907547465 nan 1.07286608561
55.1154517188 nan 1.07286608561
55.2951201193 nan 1.07286608561
55.2062278849 nan 1.06501339171
55.2831877689 nan 1.06501339171
55.3091792218 nan 1.06501339171
55.8459013489 nan 1.06501339171
55.824857894 nan 1.06501339171
56.0397112742 nan 1.05917199812
56.0977659217 nan 1.05917199812
56.0729787612 nan 1.05917199812
56.1152389195 nan 1.05917199812
56.2494125989 nan 1.05917199812
56.5026911698 nan 1.05917199812
56.7739715692 nan 1.05917199812
56.8783044765 nan 1.05635358107
57.02725892 nan 1.05635358107
57.0263445418 nan 1.05635358107
57.0135553017 nan 1.05635358107
57.315182909 nan 1.05635358107
57.3038877045 nan 1.05159424699
57.4320166837 nan 1.05159424699
57.7312478344 nan 1.05159424699
57.909597796 nan 1.05159424699
58.0389107688 nan 1.04755222797
58.0349522157 nan 1.04755222797
57.9900435919 nan 1.04755222797
58.9259598961 nan 1.04755222797
59.019524423 nan 1.04276359492
59.0127573173 nan 1.04276359492
59.1433302439 nan 1.04276359492
59.2892933922 nan 1.04276359492
59.6085176554 nan 1.04276359492
59.6301297891 nan 1.04276359492
59.255531191 nan 1.04507983555
59.2636164622 nan 1.04507983555
59.2074458413 nan 1.04507983555
59.229728822 nan 1.04401591531
59.3769564366 nan 1.04401591531
59.6284499905 nan 1.04401591531
59.6845188893 nan 1.04401591531
60.1759171407 nan 1.04401591531
60.085811507 nan 1.04401591531
59.9979441562 nan 1.03324524084
60.082654649 nan 1.03324524084
59.8473184901 nan 1.03324524084
60.2023085223 nan 1.03324524084
60.3027850882 nan 1.03324524084
60.3934350091 nan 1.03293263376
60.3491838092 nan 1.03293263376
60.4613510069 nan 1.03293263376
60.4365681646 nan 1.03293263376
60.4808269754 nan 1.03527572606
60.5185746221 nan 1.03527572606
60.7391563411 nan 1.03527572606
60.7217042478 nan 1.03527572606
60.8302465408 nan 1.03527572606
60.7891333418 nan 1.03527572606
60.9009430382 nan 1.03317719323
60.8790685707 nan 1.03317719323
60.9377828317 nan 1.03317719323
60.9753850839 nan 1.03317719323
60.9641246088 nan 1.03317719323
61.1074900966 nan 1.03317719323
61.0767911107 nan 1.02744122954
61.1328543948 nan 1.02744122954
61.1886948653 nan 1.02744122954
61.2753344518 nan 1.02744122954
61.3341475513 nan 1.02469485611
61.4035096827 nan 1.02469485611
61.4224977627 nan 1.02469485611
61.8313646948 nan 1.02469485611
62.2835618624 nan 1.02469485611
61.9566637173 nan 1.02274395126
61.9928722061 nan 1.02274395126
62.0290346005 nan 1.02274395126
62.0386477161 nan 1.02274395126
62.0806976072 nan 1.0229107624
62.0293958951 nan 1.0229107624
62.1235642487 nan 1.0229107624
62.116270189 nan 1.0229107624
62.3511509426 nan 1.0229107624
62.2813371447 nan 1.01806762251
62.751781536 nan 1.01806762251
62.6303092106 nan 1.01806762251
62.4839664114 nan 1.01806762251
62.5440284791 nan 1.01806762251
62.6613907414 nan 1.01806762251
62.6653294234 nan 1.01855788385
62.6626557891 nan 1.01855788385
62.1799282487 nan 1.01855788385
62.2209920635 nan 1.01855788385
62.6908070084 nan 1.01855788385
62.7774525106 nan 1.01893719878
62.1925174062 nan 1.01893719878
62.2209015274 nan 1.01893719878
62.2057946149 nan 1.01893719878
62.2939571629 nan 1.01893719878
62.2638878427 nan 1.01696454773
62.2871178551 nan 1.01696454773
62.3550059985 nan 1.01696454773
62.4143189094 nan 1.01696454773
62.3892110074 nan 1.01696454773
62.451362315 nan 1.01503686159
62.4039937542 nan 1.01503686159
62.4432999891 nan 1.01503686159
62.4484408848 nan 1.01503686159
62.446509046 nan 1.01503686159
62.4947501762 nan 1.01726457227
62.544037219 nan 1.01726457227
62.3202480038 nan 1.01726457227
62.3782014901 nan 1.01726457227
62.3537864748 nan 1.01726457227
62.3694188021 nan 1.0172152391
62.3896851552 nan 1.0172152391
62.6203930985 nan 1.0172152391
62.7349539014 nan 1.0172152391
62.731485608 nan 1.0172152391
62.6047974528 nan 1.01654122297
62.6856510419 nan 1.01654122297
62.7299409045 nan 1.01654122297
62.814578996 nan 1.01654122297
62.8074038383 nan 1.01654122297
62.7418465748 nan 1.01654122297
62.8212219152 nan 1.01676927913
62.8106209292 nan 1.01676927913
62.9183497962 nan 1.01676927913
62.9129369874 nan 1.01676927913
62.9294436282 nan 1.01676927913
62.9299790001 nan 1.01676927913
63.0532528756 nan 1.01564005102
63.028644481 nan 1.01564005102
63.0745213419 nan 1.01564005102
63.0862440201 nan 1.01564005102
62.6139860548 nan 1.01630058836
62.5460114195 nan 1.01630058836
62.578594206 nan 1.01630058836
62.6040846818 nan 1.01630058836
63.0260400274 nan 1.01630058836
63.0579889105 nan 1.01630058836
63.0325088494 nan 1.01625614413
62.9919948621 nan 1.01625614413
63.087152939 nan 1.01625614413
63.176926783 nan 1.01625614413
63.1640994332 nan 1.01180756092
63.146825963 nan 1.01180756092
63.1698644884 nan 1.01180756092
63.0592729739 nan 1.01180756092
63.283155194 nan 1.01180756092
63.1773738212 nan 1.01180756092
63.1012517201 nan 1.01180756092
63.202935283 nan 1.00983736732
63.1297169212 nan 1.00983736732
63.0978183842 nan 1.00983736732
63.0837858183 nan 1.00983736732
63.2920009666 nan 1.00983736732
63.1245594933 nan 1.01405483893
62.9395519206 nan 1.01405483893
62.983201311 nan 1.01405483893
63.1057218277 nan 1.01405483893
63.096702057 nan 1.01405483893
63.0656188304 nan 1.00696261267
63.0607693921 nan 1.00696261267
63.4557412898 nan 1.00696261267
63.1633118303 nan 1.00696261267
63.205792445 nan 1.00696261267
62.891262574 nan 1.00456846701
62.7390972808 nan 1.00456846701
62.7517619089 nan 1.00456846701
62.7340501115 nan 1.00456846701
62.69906398 nan 1.00680207692
62.675824209 nan 1.00680207692
62.6921929357 nan 1.00680207692
62.6845498439 nan 1.00680207692
62.6629110784 nan 1.00680207692
62.8671708223 nan 1.01098647107
62.7679859083 nan 1.01098647107
62.7638567559 nan 1.01098647107
62.7360346265 nan 1.01098647107
62.7343226409 nan 1.01098647107
62.704871337 nan 1.00442528028
62.7350355621 nan 1.00442528028
62.7117264861 nan 1.00442528028
62.6904989268 nan 1.00442528028
62.7139736054 nan 1.00442528028
62.7181323402 nan 1.00442528028
62.7176356255 nan 1.00617770858
62.7028813181 nan 1.00617770858
62.637819058 nan 1.00617770858
62.6580525664 nan 1.00617770858
62.6365383225 nan 1.00617770858
62.5676062535 nan 1.00644500048
62.5718796412 nan 1.00644500048
62.5549169471 nan 1.00644500048
62.5263434196 nan 1.00644500048
62.5241413017 nan 1.00706013129
62.5135888098 nan 1.00706013129
62.3817667639 nan 1.00706013129
62.3623002429 nan 1.00706013129
62.3655222301 nan 1.00706013129
62.3450674111 nan 1.00706013129
62.3261837097 nan 1.00706013129
62.328093721 nan 1.00706013129
62.2867494548 nan 1.00556280328
62.0632046632 nan 1.00556280328
62.2756501227 nan 1.00556280328
62.0296887088 nan 1.00556280328
62.4082347027 nan 1.00556280328
62.227866387 nan 1.00580004454
62.2204221684 nan 1.00580004454
62.2065612965 nan 1.00580004454
62.0778398949 nan 1.00580004454
61.9882773441 nan 1.00580004454
62.1871405243 nan 1.00709587832
62.0254094307 nan 1.00709587832
62.0393229224 nan 1.00709587832
62.1721105903 nan 1.00709587832
61.960347166 nan 1.00683704951
62.1445125763 nan 1.00683704951
61.9933483276 nan 1.00683704951
61.9718543124 nan 1.00683704951
61.9702879578 nan 1.00683704951
61.9717628675 nan 1.00584689427
62.0859945632 nan 1.00584689427
61.9613522049 nan 1.00584689427
61.9565386932 nan 1.00584689427
61.9124475426 nan 1.00584689427
61.9079633946 nan 1.00584689427
61.8842439678 nan 1.00677689959
62.1119246362 nan 1.00677689959
62.0970028054 nan 1.00677689959
61.9074216413 nan 1.00677689959
61.8818634318 nan 1.00397440103
61.9128013198 nan 1.00397440103
61.9111130985 nan 1.00397440103
62.1342664495 nan 1.00397440103
62.1370388196 nan 1.00397440103
61.987955043 nan 1.00397440103
61.9256936507 nan 1.00397440103
61.9006237035 nan 1.00279103
61.9254012274 nan 1.00279103
61.9395594792 nan 1.00279103
61.9419844435 nan 1.00279103
61.9410242323 nan 1.00279103
61.9559835695 nan 1.0022403869
61.9488706971 nan 1.0022403869
62.0404715847 nan 1.0022403869
62.0333776169 nan 1.0022403869
62.0315000092 nan 1.0022403869
62.0627105763 nan 1.0022403869
62.0771291636 nan 1.00202983263
62.1688950309 nan 1.00202983263
62.0732328821 nan 1.00202983263
62.0819492225 nan 1.00202983263
62.0917378812 nan 1.00202983263
62.4042507583 nan 1.00376352927
62.2794526338 nan 1.00376352927
62.2875692343 nan 1.00376352927
62.2911379151 nan 1.00376352927
62.2904489698 nan 1.00376352927
62.353830884 nan 1.00337819692
62.3155900869 nan 1.00337819692
62.3648379244 nan 1.00337819692
62.2379465858 nan 1.00337819692
62.3282915938 nan 1.00337819692
62.2883864072 nan 0.999886321788
62.3358831464 nan 0.999886321788
62.5239035802 nan 0.999886321788
62.4104845719 nan 0.999886321788
62.3987526662 nan 0.999886321788
62.4497908202 nan 1.00242739508
62.4898084592 nan 1.00242739508
62.438455134 nan 1.00242739508
62.4845309204 nan 1.00242739508
62.5093133857 nan 1.00242739508
62.5180471199 nan 0.99927952274
62.509749158 nan 0.99927952274
62.5158322167 nan 0.99927952274
62.5210712399 nan 0.99927952274
62.5460104035 nan 0.99927952274
62.5194401837 nan 1.00060820847
62.5675208074 nan 1.00060820847
62.5614439006 nan 1.00060820847
62.5634487852 nan 1.00060820847
62.3772912465 nan 1.00060820847
62.3854759606 nan 1.00022273154
62.3931543774 nan 1.00022273154
62.3832515985 nan 1.00022273154
62.3952763713 nan 1.00022273154
62.3827615505 nan 1.00022273154
62.3968620217 nan 0.999442595878
62.38401887 nan 0.999442595878
62.3733089424 nan 0.999442595878
62.3914222267 nan 0.999442595878
62.4009001219 nan 0.999442595878
62.3713557844 nan 0.998813813756
62.3867062908 nan 0.998813813756
62.3864486822 nan 0.998813813756
62.5907548248 nan 0.998813813756
62.6055806809 nan 0.998813813756
62.5826868112 nan 0.998813813756
62.4267981766 nan 0.999858381102
62.4039116393 nan 0.999858381102
62.3845609728 nan 0.999858381102
62.387031073 nan 0.999858381102
62.3834047697 nan 0.999858381102
62.3766923232 nan 0.998123977938
62.3759575735 nan 0.998123977938
62.372626013 nan 0.998123977938
62.386890185 nan 0.998123977938
62.3709162887 nan 0.998123977938
62.3857211234 nan 0.998123977938
62.3826344967 nan 0.998123977938
62.3693173073 nan 0.998123977938
62.3892232079 nan 1.00365203015
62.3942507392 nan 1.00365203015
62.373919154 nan 1.00365203015
62.4009693553 nan 1.00365203015
62.3809048936 nan 1.00365203015
62.3830960138 nan 1.00243783629
62.3796493742 nan 1.00243783629
62.4677470352 nan 1.00243783629
62.3741619247 nan 1.00243783629
62.3546773362 nan 1.00243783629
62.3649803006 nan 1.00243783629
62.3331081415 nan 1.00291597896
62.3546963993 nan 1.00291597896
62.3185149484 nan 1.00291597896
62.5242279289 nan 1.00291597896
62.3349518525 nan 1.00291597896
62.3509204915 nan 1.00600439673
62.3163344699 nan 1.00600439673
62.3321881394 nan 1.00600439673
62.3137721906 nan 1.00600439673
62.3100565598 nan 1.00600439673
62.2969354658 nan 1.00600439673
62.3053362437 nan 1.00500004815
62.2898370664 nan 1.00500004815
62.28036129 nan 1.00500004815
62.2681564523 nan 1.00500004815
62.3289110413 nan 1.00783776897
62.4433324849 nan 1.00783776897
62.2870548278 nan 1.00783776897
62.2669984985 nan 1.00783776897
62.2801949216 nan 1.00523381471
62.273426979 nan 1.00523381471
62.2741905801 nan 1.00523381471
62.3120165666 nan 1.00523381471
62.3209344574 nan 1.00523381471
62.3238538264 nan 1.00523381471
62.3265500996 nan 1.00406144978
62.3000375466 nan 1.00406144978
62.3057308529 nan 1.00406144978
62.3009300329 nan 1.00406144978
62.3226151167 nan 1.00406144978
62.3384165993 nan 1.00690953485
62.3136703439 nan 1.00690953485
62.3404494466 nan 1.00690953485
62.343337583 nan 1.00690953485
62.3601229226 nan 1.00690953485
62.339033608 nan 1.0074777228
62.3433450942 nan 1.0074777228
62.3557962757 nan 1.0074777228
62.3741286291 nan 1.0074777228
62.3814268579 nan 1.0074777228
62.3661790572 nan 1.0074777228
62.3553568334 nan 1.00736165419
62.3584359753 nan 1.00736165419
62.3614939691 nan 1.00736165419
62.3921498597 nan 1.00736165419
62.4239038129 nan 1.00736165419
62.4195768291 nan 1.01057147448
62.3956563208 nan 1.01057147448
62.4115917341 nan 1.01057147448
62.3384227158 nan 1.01057147448
62.3367113674 nan 1.00940005247
62.4257609866 nan 1.00940005247
62.4355756652 nan 1.00940005247
62.456906714 nan 1.00940005247
62.4455495885 nan 1.00940005247
62.4558636882 nan 1.00940005247
62.4786725877 nan 1.00889569806
62.48099995 nan 1.00889569806
62.4836532391 nan 1.00889569806
62.4914529578 nan 1.00889569806
62.4956273249 nan 1.00750421484
62.5130617886 nan 1.00750421484
62.5248611813 nan 1.00750421484
62.5322186339 nan 1.00750421484
62.5287198139 nan 1.00750421484
62.5746299788 nan 1.01069411622
62.5751258488 nan 1.01069411622
62.6889770621 nan 1.01069411622
62.6328291483 nan 1.01069411622
62.6412742535 nan 1.0098597793
62.6872295881 nan 1.0098597793
62.7675390053 nan 1.0098597793
62.7516529315 nan 1.0098597793
62.7211364595 nan 1.0098597793
62.6804496083 nan 1.0098597793
62.726211116 nan 1.00894334789
62.807285217 nan 1.00894334789
62.9190578786 nan 1.00894334789
63.0172724065 nan 1.00894334789
63.0238739451 nan 1.00894334789
63.0133622198 nan 1.01074766687
63.075491695 nan 1.01074766687
63.1311068518 nan 1.01074766687
63.1338465607 nan 1.01074766687
63.1643626217 nan 1.00936846859
63.2087420201 nan 1.00936846859
63.1818821371 nan 1.00936846859
63.1634396195 nan 1.00936846859
63.1682220298 nan 1.00936846859
63.1744150255 nan 1.00936846859
63.1837779182 nan 1.00632465354
63.2895886438 nan 1.00632465354
62.8995682519 nan 1.00632465354
63.0240506201 nan 1.00632465354
63.0366620973 nan 1.00632465354
63.0373670529 nan 1.00845775913
63.1433814459 nan 1.00845775913
63.1606054378 nan 1.00845775913
63.067231457 nan 1.00845775913
63.0606676014 nan 1.00564255346
63.2422514776 nan 1.00564255346
63.0559723357 nan 1.00564255346
64.4920638304 nan 1.00564255346
64.3413932687 nan 1.00564255346
63.2330968282 nan 1.00572226445
63.083583155 nan 1.00572226445
63.079905835 nan 1.00572226445
63.0753295261 nan 1.00572226445
63.0553276823 nan 1.00572226445
62.9845041849 nan 1.00109363777
62.9836842001 nan 1.00109363777
62.989497853 nan 1.00109363777
63.0036839259 nan 1.008386411
63.0226655538 nan 1.008386411
63.0175828105 nan 1.008386411
63.0539078629 nan 1.008386411
63.0181997592 nan 1.008386411
63.0315627737 nan 1.008386411
63.0723090234 nan 1.00917651154
63.0263941709 nan 1.00917651154
63.0670473538 nan 1.00917651154
63.1217678338 nan 1.00917651154
63.1655868703 nan 1.00917651154
63.0422323931 nan 1.00917651154
63.0275336196 nan 1.00805925343
63.031504322 nan 1.00805925343
63.0784996363 nan 1.00805925343
63.0609406832 nan 1.00805925343
63.069163848 nan 1.00805925343
63.0320879715 nan 1.01230513949
63.0851001095 nan 1.01230513949
63.0762080545 nan 1.01230513949
63.0848595821 nan 1.01230513949
63.0747790624 nan 1.00935249739
63.0622265402 nan 1.00935249739
63.0505908686 nan 1.00935249739
63.0747785815 nan 1.00935249739
63.0482474125 nan 1.00935249739
63.0456924181 nan 1.00935249739
63.0427925372 nan 1.00935249739
63.0785043995 nan 1.00996633728
63.0633181929 nan 1.00996633728
63.0403304237 nan 1.00996633728
63.043707599 nan 1.00996633728
63.0589307788 nan 1.00666410709
63.036095057 nan 1.00666410709
63.0241123231 nan 1.00666410709
63.0072350132 nan 1.00666410709
63.0197527615 nan 1.00666410709
63.0056090009 nan 1.00793108755
63.0000473181 nan 1.00793108755
62.9933788875 nan 1.00793108755
62.9999717447 nan 1.00793108755
62.9733846916 nan 1.008021554
62.947760841 nan 1.008021554
62.9505007982 nan 1.008021554
62.7962857286 nan 1.008021554
62.7953670543 nan 1.008021554
62.7734614508 nan 1.00443214399
62.7190866139 nan 1.00443214399
62.7323431006 nan 1.00443214399
62.7047186593 nan 1.00443214399
62.6514213334 nan 1.00443214399
62.6331285001 nan 1.00443214399
62.7117145297 nan 1.00280913819
62.6638167582 nan 1.00280913819
62.6657326835 nan 1.00280913819
62.6053107582 nan 1.00280913819
62.4582914258 nan 1.00888005018
62.4891532978 nan 1.00888005018
62.4897023325 nan 1.00888005018
62.4633879698 nan 1.00888005018
62.4571377818 nan 1.00888005018
62.342984263 nan 1.00888005018
